    2.500000     45.296017
    2.520000     45.089424
    2.540000     44.883885
    2.560000     44.679399
    2.580000     44.475967
    2.600000     44.273586
    2.620000     44.072257
    2.640000     43.871980
    2.660000     43.672755
    2.680000     43.474592
    2.700000     43.277477
    2.720000     43.081393
    2.740000     42.886358
    2.760000     42.692350
    2.780000     42.499390
    2.800000     42.307492
    2.820000     42.116676
    2.840000     41.926959
    2.860000     41.738416
    2.880000     41.550973
    2.900000     41.365036
    2.920000     41.179746
    2.940000     40.995128
    2.960000     40.811551
    2.980000     40.629017
    3.000000     40.447527
    3.020000     40.267080
    3.040000     40.087677
    3.060000     39.909320
    3.080000     39.732009
    3.100000     39.555745
    3.120000     39.380529
    3.140000     39.206364
    3.160000     39.033249
    3.180000     38.861187
    3.200000     38.690180
    3.220000     38.520229
    3.240000     38.351337
    3.260000     38.183506
    3.280000     38.016738
    3.300000     37.851037
    3.320000     37.686404
    3.340000     37.522843
    3.360000     37.360357
    3.380000     37.198950
    3.400000     37.038625
    3.420000     36.879386
    3.440000     36.721238
    3.460000     36.564185
    3.480000     36.408231
    3.500000     36.253382
    3.520000     36.099643
    3.540000     35.947019
    3.560000     35.795517
    3.580000     35.645169
    3.600000     35.496063
    3.620000     35.348265
    3.640000     35.201899
    3.660000     35.057399
    3.680000     34.915318
    3.700000     34.771883
    3.720000     34.629630
    3.740000     34.488569
    3.760000     34.348710
    3.780000     34.210062
    3.800000     34.072638
    3.820000     33.936449
    3.840000     33.801508
    3.860000     33.667826
    3.880000     33.535419
    3.900000     33.404299
    3.920000     33.274483
    3.940000     33.145986
    3.960000     33.018824
    3.980000     32.893015
    4.000000     32.768577
    4.020000     32.645532
    4.040000     32.523901
    4.060000     32.403709
    4.080000     32.284983
    4.100000     32.167781
    4.120000     32.052024
    4.140000     31.937806
    4.160000     31.825159
    4.180000     31.714069
    4.200000     31.604598
    4.220000     31.496776
    4.240000     31.390639
    4.260000     31.286224
    4.280000     31.183572
    4.300000     31.082725
    4.320000     30.983749
    4.340000     30.886709
    4.360000     30.791715
    4.380000     30.698719
    4.400000     30.607900
    4.420000     30.519803
    4.440000     30.432877
    4.460000     30.348165
    4.480000     30.265733
    4.500000     30.185652
    4.520000     30.107996
    4.540000     30.032844
    4.560000     29.960281
    4.580000     29.890396
    4.600000     29.823284
    4.620000     29.759046
    4.640000     29.697789
    4.660000     29.639629
    4.680000     29.584687
    4.700000     29.533093
    4.720000     29.484987
    4.740000     29.440518
    4.760000     29.399843
    4.780000     29.363134
    4.800000     29.330572
    4.820000     29.302352
    4.840000     29.278685
    4.860000     29.259794
    4.880000     29.245921
    4.900000     29.237328
    4.920000     29.234293
    4.940000     29.237119
    4.960000     29.246134
    4.980000     29.261688
    5.000000     29.284165
    5.020000     29.313977
    5.040000     29.351573
    5.060000     29.397441
    5.080000     29.452121
    5.100000     29.516212
    5.120000     29.590372
    5.140000     29.675462
    5.160000     29.771856
    5.180000     29.880350
    5.200000     30.002032
    5.220000     30.137901
    5.240000     30.289058
    5.260000     30.456725
    5.280000     30.642316
    5.300000     30.847390
    5.320000     31.073686
    5.340000     31.323260
    5.360000     31.599584
    5.380000     31.901229
    5.400000     32.232048
    5.420000     32.595671
    5.440000     32.995423
    5.460000     33.435075
    5.480000     33.918923
    5.500000     34.451878
    5.520000     35.039577
    5.540000     35.688517
    5.560000     36.406230
    5.580000     37.201486
    5.600000     38.084559
    5.620000     39.067569
    5.640000     40.164924
    5.660000     41.393934
    5.680000     42.775696
    5.700000     44.336474
    5.720000     46.109959
    5.740000     48.141056
    5.760000     50.491976
    5.780000     53.251229
    5.800000     56.545265
    5.820000     60.551129
    5.840000     65.507053
    5.860000     71.716625
    5.880000     79.541660
    5.900000     89.394815
    5.920000    101.762940
    5.940000    117.276087
    5.960000    136.772595
    5.980000    161.295895
    6.000000    191.982087
    6.020000    229.855185
    6.040000    275.611142
    6.060000    329.503480
    6.080000    391.733768
    6.100000    464.556023
    6.120000    555.294629
    6.140000    675.035378
    6.160000    833.896292
    6.180000   1037.459465
    6.200000   1282.863385
    6.220000   1553.207094
    6.240000   1811.821624
    6.260000   1999.393363
    6.280000   2042.896143
    6.300000   1897.558629
    6.320000   1601.732791
    6.340000   1252.027193
    6.360000    928.233907
    6.380000    667.728074
    6.400000    476.750220
    6.420000    345.351225
    6.440000    258.215420
    6.460000    200.994308
    6.480000    162.835728
    6.500000    136.501574
    6.520000    117.511362
    6.540000    103.194988
    6.560000     91.978769
    6.580000     82.924349
    6.600000     75.453326
    6.620000     69.189744
    6.640000     63.875646
    6.660000     59.324106
    6.680000     55.392862
    6.700000     51.973238
    6.720000     48.979142
    6.740000     46.341899
    6.760000     44.006296
    6.780000     41.926547
    6.800000     40.066086
    6.820000     38.394372
    6.840000     36.886064
    6.860000     35.520043
    6.880000     34.278504
    6.900000     33.145293
    6.920000     32.108170
    6.940000     31.156178
    6.960000     30.280149
    6.980000     29.470943
    7.000000     28.721834
    7.020000     28.026591
    7.040000     27.380079
    7.060000     26.777206
    7.080000     26.213990
    7.100000     25.686835
    7.120000     25.192158
    7.140000     24.727291
    7.160000     24.289650
    7.180000     23.876954
    7.200000     23.487481
    7.220000     23.118511
    7.240000     22.768892
    7.260000     22.437186
    7.280000     22.122098
    7.300000     21.822297
    7.320000     21.536880
    7.340000     21.264547
    7.360000     21.003990
    7.380000     20.754821
    7.400000     20.516304
    7.420000     20.287845
    7.440000     20.069163
    7.460000     19.858556
    7.480000     19.656122
    7.500000     19.461398
    7.520000     19.273994
    7.540000     19.093700
    7.560000     18.919417
    7.580000     18.751250
    7.600000     18.589003
    7.620000     18.432218
    7.640000     18.280441
    7.660000     18.133731
    7.680000     17.991945
    7.700000     17.854316
    7.720000     17.721047
    7.740000     17.592016
    7.760000     17.467040
    7.780000     17.346052
    7.800000     17.229055
    7.820000     17.115987
    7.840000     17.006735
    7.860000     16.901807
    7.880000     16.801394
    7.900000     16.706472
    7.920000     16.617922
    7.940000     16.537617
    7.960000     16.468112
    7.980000     16.412674
    8.000000     16.374243
    8.020000     16.356024
    8.040000     16.359290
    8.060000     16.382357
    8.080000     16.417171
    8.100000     16.450262
    8.120000     16.458680
    8.140000     16.413201
    8.160000     16.293708
    8.180000     16.110372
    8.200000     15.898479
    8.220000     15.690648
    8.240000     15.503838
    8.260000     15.343445
    8.280000     15.208160
    8.300000     15.092464
    8.320000     14.991980
    8.340000     14.902382
    8.360000     14.820497
    8.380000     14.744282
    8.400000     14.671775
    8.420000     14.602602
    8.440000     14.535660
    8.460000     14.470884
    8.480000     14.407608
    8.500000     14.345928
    8.520000     14.285914
    8.540000     14.227314
    8.560000     14.169599
    8.580000     14.112935
    8.600000     14.057380
    8.620000     14.003132
    8.640000     13.949644
    8.660000     13.897086
    8.680000     13.845612
    8.700000     13.794785
    8.720000     13.744934
    8.740000     13.695887
    8.760000     13.647481
    8.780000     13.600101
    8.800000     13.553179
    8.820000     13.507070
    8.840000     13.461838
    8.860000     13.417227
    8.880000     13.373124
    8.900000     13.329928
    8.920000     13.287126
    8.940000     13.245263
    8.960000     13.204000
    8.980000     13.163153
    9.000000     13.122953
    9.020000     13.083259
    9.040000     13.044429
    9.060000     13.006151
    9.080000     12.968347
    9.100000     12.931003
    9.120000     12.894381
    9.140000     12.858334
    9.160000     12.822864
    9.180000     12.787797
    9.200000     12.753450
    9.220000     12.719549
    9.240000     12.686218
    9.260000     12.653308
    9.280000     12.620831
    9.300000     12.589374
    9.320000     12.558046
    9.340000     12.527170
    9.360000     12.497049
    9.380000     12.467217
    9.400000     12.438149
    9.420000     12.409617
    9.440000     12.381612
    9.460000     12.354098
    9.480000     12.327203
    9.500000     12.300656
    9.520000     12.274789
    9.540000     12.249955
    9.560000     12.225286
    9.580000     12.200840
    9.600000     12.177025
    9.620000     12.154323
    9.640000     12.131681
    9.660000     12.109724
    9.680000     12.088789
    9.700000     12.068829
    9.720000     12.048824
    9.740000     12.029526
    9.760000     12.011112
    9.780000     11.993711
    9.800000     11.976788
    9.820000     11.961131
    9.840000     11.946064
    9.860000     11.932348
    9.880000     11.919657
    9.900000     11.908221
    9.920000     11.897344
    9.940000     11.887763
    9.960000     11.879715
    9.980000     11.873749
   10.000000     11.869466
   10.020000     11.866549
   10.040000     11.866089
   10.060000     11.868285
   10.080000     11.872899
   10.100000     11.880985
   10.120000     11.893738
   10.140000     11.911961
   10.160000     11.936784
   10.180000     11.971030
   10.200000     12.017951
   10.220000     12.081342
   10.240000     12.165124
   10.260000     12.273589
   10.280000     12.409084
   10.300000     12.569355
   10.320000     12.746895
   10.340000     12.926241
   10.360000     13.082454
   10.380000     13.187661
   10.400000     13.226352
   10.420000     13.212024
   10.440000     13.179952
   10.460000     13.165379
   10.480000     13.192584
   10.500000     13.276917
   10.520000     13.430145
   10.540000     13.665038
   10.560000     13.999853
   10.580000     14.460107
   10.600000     15.081355
   10.620000     15.908001
   10.640000     16.993830
   10.660000     18.396604
   10.680000     20.170845
   10.700000     22.353060
   10.720000     24.942410
   10.740000     27.893098
   10.760000     31.121755
   10.780000     34.472571
   10.800000     37.609643
   10.820000     39.940333
   10.840000     40.731931
   10.860000     39.537567
   10.880000     36.616858
   10.900000     32.769534
   10.920000     28.790468
   10.940000     25.177089
   10.960000     22.142656
   10.980000     19.720329
   11.000000     17.850798
   11.020000     16.434115
   11.040000     15.368559
   11.060000     14.565285
   11.080000     13.953075
   11.100000     13.479178
   11.120000     13.104866
   11.140000     12.802811
   11.160000     12.553690
   11.180000     12.342198
   11.200000     12.155427
   11.220000     11.962302
   11.240000     11.840759
   11.260000     11.736143
   11.280000     11.645567
   11.300000     11.566937
   11.320000     11.498638
   11.340000     11.439063
   11.360000     11.387281
   11.380000     11.342599
   11.400000     11.303782
   11.420000     11.270377
   11.440000     11.241978
   11.460000     11.218230
   11.480000     11.198792
   11.500000     11.183243
   11.520000     11.171531
   11.540000     11.163574
   11.560000     11.159091
   11.580000     11.158019
   11.600000     11.160398
   11.620000     11.166197
   11.640000     11.175558
   11.660000     11.188814
   11.680000     11.205395
   11.700000     11.225834
   11.720000     11.250326
   11.740000     11.279115
   11.760000     11.312488
   11.780000     11.350849
   11.800000     11.394874
   11.820000     11.444620
   11.840000     11.500406
   11.860000     11.563182
   11.880000     11.633682
   11.900000     11.712783
   11.920000     11.801493
   11.940000     11.900985
   11.960000     12.012806
   11.980000     12.138585
   12.000000     12.279882
   12.020000     12.439365
   12.040000     12.619551
   12.060000     12.823442
   12.080000     13.055829
   12.100000     13.323898
   12.120000     13.631992
   12.140000     13.988019
   12.160000     14.402131
   12.180000     14.888171
   12.200000     15.464875
   12.220000     16.157469
   12.240000     17.003563
   12.260000     18.056329
   12.280000     19.391750
   12.300000     21.115367
   12.320000     23.365687
   12.340000     26.315054
   12.360000     30.244150
   12.380000     35.335705
   12.400000     41.781919
   12.420000     49.657208
   12.440000     58.792870
   12.460000     68.617922
   12.480000     78.013433
   12.500000     85.306088
   12.520000     88.667456
   12.540000     87.053471
   12.560000     80.984690
   12.580000     72.185695
   12.600000     62.503555
   12.620000     53.237765
   12.640000     45.072507
   12.660000     38.246213
   12.680000     32.735653
   12.700000     28.386704
   12.720000     24.998636
   12.740000     22.372060
   12.760000     20.332021
   12.780000     18.736120
   12.800000     17.474042
   12.820000     16.462386
   12.840000     15.639484
   12.860000     14.960512
   12.880000     14.392654
   12.900000     13.911865
   12.920000     13.500052
   12.940000     13.144050
   12.960000     12.833946
   12.980000     12.562132
   13.000000     12.322660
   13.020000     12.110184
   13.040000     11.921141
   13.060000     11.752396
   13.080000     11.601597
   13.100000     11.465948
   13.120000     11.343990
   13.140000     11.234334
   13.160000     11.135570
   13.180000     11.046842
   13.200000     10.967520
   13.220000     10.897162
   13.240000     10.834935
   13.260000     10.781188
   13.280000     10.736299
   13.300000     10.701232
   13.320000     10.677030
   13.340000     10.665656
   13.360000     10.669845
   13.380000     10.692918
   13.400000     10.738749
   13.420000     10.809714
   13.440000     10.908477
   13.460000     11.034255
   13.480000     11.180839
   13.500000     11.333342
   13.520000     11.467005
   13.540000     11.549451
   13.560000     11.552244
   13.580000     11.466898
   13.600000     11.311135
   13.620000     11.116564
   13.640000     10.912515
   13.660000     10.718902
   13.680000     10.545987
   13.700000     10.397354
   13.720000     10.272785
   13.740000     10.169533
   13.760000     10.084204
   13.780000     10.013777
   13.800000      9.954810
   13.820000      9.905055
   13.840000      9.862409
   13.860000      9.825311
   13.880000      9.792804
   13.900000      9.763463
   13.920000      9.737047
   13.940000      9.712863
   13.960000      9.690341
   13.980000      9.669363
   14.000000      9.649695
   14.020000      9.631155
   14.040000      9.613645
   14.060000      9.597522
   14.080000      9.581686
   14.100000      9.566435
   14.120000      9.551796
   14.140000      9.537733
   14.160000      9.524231
   14.180000      9.511398
   14.200000      9.498679
   14.220000      9.486340
   14.240000      9.474355
   14.260000      9.462834
   14.280000      9.451868
   14.300000      9.440777
   14.320000      9.429943
   14.340000      9.419360
   14.360000      9.409120
   14.380000      9.399010
   14.400000      9.389228
   14.420000      9.379640
   14.440000      9.370039
   14.460000      9.360678
   14.480000      9.351394
   14.500000      9.342293
   14.520000      9.333460
   14.540000      9.324594
   14.560000      9.316055
   14.580000      9.307610
   14.600000      9.299091
   14.620000      9.290679
   14.640000      9.282371
   14.660000      9.274166
   14.680000      9.266246
   14.700000      9.258632
   14.720000      9.250698
   14.740000      9.242849
   14.760000      9.235082
   14.780000      9.227396
   14.800000      9.219786
   14.820000      9.212271
   14.840000      9.205179
   14.860000      9.198059
   14.880000      9.190802
   14.900000      9.183570
   14.920000      9.176411
   14.940000      9.169324
   14.960000      9.162309
   14.980000      9.155397
   15.000000      9.149008
   15.020000      9.142218
   15.040000      9.135501
   15.060000      9.128861
   15.080000      9.122304
   15.100000      9.115968
   15.120000      9.109883
   15.140000      9.103579
   15.160000      9.097366
   15.180000      9.091249
   15.200000      9.085232
   15.220000      9.079322
   15.240000      9.073612
   15.260000      9.068519
   15.280000      9.062992
   15.300000      9.057563
   15.320000      9.052274
   15.340000      9.047133
   15.360000      9.042152
   15.380000      9.037341
   15.400000      9.032725
   15.420000      9.028636
   15.440000      9.024616
   15.460000      9.020625
   15.480000      9.016879
   15.500000      9.013400
   15.520000      9.010211
   15.540000      9.007363
   15.560000      9.004929
   15.580000      9.002889
   15.600000      9.001297
   15.620000      9.000098
   15.640000      8.999288
   15.660000      8.998998
   15.680000      8.999283
   15.700000      9.000211
   15.720000      9.001849
   15.740000      9.004349
   15.760000      9.008137
   15.780000      9.012394
   15.800000      9.017724
   15.820000      9.024254
   15.840000      9.032127
   15.860000      9.041505
   15.880000      9.052624
   15.900000      9.065831
   15.920000      9.080976
   15.940000      9.098588
   15.960000      9.119200
   15.980000      9.142831
   16.000000      9.170160
   16.020000      9.201808
   16.040000      9.238447
   16.060000      9.280990
   16.080000      9.330710
   16.100000      9.388801
   16.120000      9.457226
   16.140000      9.538262
   16.160000      9.635297
   16.180000      9.752660
   16.200000      9.896173
   16.220000     10.073395
   16.240000     10.293439
   16.260000     10.567838
   16.280000     10.910272
   16.300000     11.335901
   16.320000     11.860519
   16.340000     12.498855
   16.360000     13.261703
   16.380000     14.151035
   16.400000     15.152060
   16.420000     16.222007
   16.440000     17.278551
   16.460000     18.197016
   16.480000     18.829148
   16.500000     19.051677
   16.520000     18.822804
   16.540000     18.202142
   16.560000     17.315322
   16.580000     16.298896
   16.600000     15.262238
   16.620000     14.277861
   16.640000     13.386482
   16.660000     12.605550
   16.680000     11.936713
   16.700000     11.373197
   16.720000     10.903428
   16.740000     10.514119
   16.760000     10.192132
   16.780000      9.925625
   16.800000      9.703770
   16.820000      9.518015
   16.840000      9.361211
   16.860000      9.227611
   16.880000      9.112656
   16.900000      9.012842
   16.920000      8.925135
   16.940000      8.847415
   16.960000      8.777904
   16.980000      8.715250
   17.000000      8.658449
   17.020000      8.606339
   17.040000      8.558368
   17.060000      8.513958
   17.080000      8.472632
   17.100000      8.433990
   17.120000      8.397705
   17.140000      8.363563
   17.160000      8.331237
   17.180000      8.300393
   17.200000      8.271053
   17.220000      8.243041
   17.240000      8.216175
   17.260000      8.190317
   17.280000      8.165357
   17.300000      8.141231
   17.320000      8.117712
   17.340000      8.094579
   17.360000      8.071971
   17.380000      8.050612
   17.400000      8.029744
   17.420000      8.009351
   17.440000      7.989395
   17.460000      7.969841
   17.480000      7.950661
   17.500000      7.931898
   17.520000      7.913375
   17.540000      7.895149
   17.560000      7.877199
   17.580000      7.859509
   17.600000      7.842063
   17.620000      7.824850
   17.640000      7.807857
   17.660000      7.791076
   17.680000      7.774499
   17.700000      7.758118
   17.720000      7.741930
   17.740000      7.725931
   17.760000      7.710118
   17.780000      7.694493
   17.800000      7.679054
   17.820000      7.663806
   17.840000      7.648751
   17.860000      7.633896
   17.880000      7.619248
   17.900000      7.604816
   17.920000      7.590610
   17.940000      7.576645
   17.960000      7.562935
   17.980000      7.549499
   18.000000      7.536356
   18.020000      7.523532
   18.040000      7.511052
   18.060000      7.498949
   18.080000      7.487255
   18.100000      7.476006
   18.120000      7.465271
   18.140000      7.455111
   18.160000      7.445577
   18.180000      7.436741
   18.200000      7.428689
   18.220000      7.421521
   18.240000      7.415354
   18.260000      7.410327
   18.280000      7.406605
   18.300000      7.404385
   18.320000      7.403911
   18.340000      7.405480
   18.360000      7.409468
   18.380000      7.416348
   18.400000      7.426728
   18.420000      7.441387
   18.440000      7.461328
   18.460000      7.487835
   18.480000      7.522531
   18.500000      7.567431
   18.520000      7.624982
   18.540000      7.698067
   18.560000      7.789976
   18.580000      7.904302
   18.600000      8.044759
   18.620000      8.214875
   18.640000      8.417591
   18.660000      8.654523
   18.680000      8.924518
   18.700000      9.222022
   18.720000      9.534540
   18.740000      9.840288
   18.760000     10.107835
   18.780000     10.300400
   18.800000     10.385654
   18.820000     10.348650
   18.840000     10.196921
   18.860000      9.955307
   18.880000      9.656709
   18.900000      9.331960
   18.920000      9.005058
   18.940000      8.692348
   18.960000      8.403594
   18.980000      8.143565
   19.000000      7.913557
   19.020000      7.712623
   19.040000      7.538507
   19.060000      7.388301
   19.080000      7.258888
   19.100000      7.147228
   19.120000      7.050523
   19.140000      6.966297
   19.160000      6.892422
   19.180000      6.827109
   19.200000      6.768875
   19.220000      6.716506
   19.240000      6.669015
   19.260000      6.625606
   19.280000      6.585636
   19.300000      6.548591
   19.320000      6.514059
   19.340000      6.481710
   19.360000      6.451286
   19.380000      6.422579
   19.400000      6.395431
   19.420000      6.369719
   19.440000      6.345352
   19.460000      6.322270
   19.480000      6.300437
   19.500000      6.279843
   19.520000      6.260508
   19.540000      6.242477
   19.560000      6.225833
   19.580000      6.210697
   19.600000      6.197242
   19.620000      6.185701
   19.640000      6.176379
   19.660000      6.169668
   19.680000      6.166029
   19.700000      6.165977
   19.720000      6.170162
   19.740000      6.179279
   19.760000      6.193785
   19.780000      6.214209
   19.800000      6.245135
   19.820000      6.284948
   19.840000      6.334306
   19.860000      6.393455
   19.880000      6.461911
   19.900000      6.537998
   19.920000      6.618244
   19.940000      6.696840
   19.960000      6.765569
   19.980000      6.814805
   20.000000      6.835825
   20.020000      6.823679
   20.040000      6.778959
   20.060000      6.707269
   20.080000      6.616907
   20.100000      6.516379
   20.120000      6.412851
   20.140000      6.311627
   20.160000      6.216234
   20.180000      6.128751
   20.200000      6.050177
   20.220000      5.980761
   20.240000      5.920268
   20.260000      5.868182
   20.280000      5.823854
   20.300000      5.786601
   20.320000      5.755777
   20.340000      5.730820
   20.360000      5.711273
   20.380000      5.696810
   20.400000      5.687230
   20.420000      5.682474
   20.440000      5.682622
   20.460000      5.687893
   20.480000      5.698650
   20.500000      5.715395
   20.520000      5.738771
   20.540000      5.769552
   20.560000      5.808642
   20.580000      5.857052
   20.600000      5.915883
   20.620000      5.986273
   20.640000      6.069321
   20.660000      6.165942
   20.680000      6.276641
   20.700000      6.401219
   20.720000      6.538472
   20.740000      6.686119
   20.760000      6.841244
   20.780000      7.001408
   20.800000      7.166190
   20.820000      7.337996
   20.840000      7.521939
   20.860000      7.724311
   20.880000      7.950518
   20.900000      8.203081
   20.920000      8.479798
   20.940000      8.772063
   20.960000      9.063641
   20.980000      9.330991
   21.000000      9.546499
   21.020000      9.685087
   21.040000      9.732174
   21.060000      9.688805
   21.080000      9.570840
   21.100000      9.403186
   21.120000      9.212959
   21.140000      9.024765
   21.160000      8.858727
   21.180000      8.730386
   21.200000      8.651449
   21.220000      8.630790
   21.240000      8.675283
   21.260000      8.790486
   21.280000      8.981212
   21.300000      9.251676
   21.320000      9.605556
   21.340000     10.045354
   21.360000     10.571724
   21.380000     11.181632
   21.400000     11.865345
   21.420000     12.611349
   21.440000     13.390734
   21.460000     14.169249
   21.480000     14.910368
   21.500000     15.585646
   21.520000     16.185136
   21.540000     16.721561
   21.560000     17.225025
   21.580000     17.731031
   21.600000     18.267378
   21.620000     18.843603
   21.640000     19.443895
   21.660000     20.024192
   21.680000     20.515781
   21.700000     20.838355
   21.720000     20.921910
   21.740000     20.729932
   21.760000     20.271968
   21.780000     19.598781
   21.800000     18.784699
   21.820000     17.908224
   21.840000     17.039194
   21.860000     16.233059
   21.880000     15.530189
   21.900000     14.957900
   21.920000     14.532793
   21.940000     14.262817
   21.960000     14.148636
   21.980000     14.184046
   22.000000     14.355320
   22.020000     14.639518
   22.040000     15.002311
   22.060000     15.396693
   22.080000     15.764914
   22.100000     16.045934
   22.120000     16.188285
   22.140000     16.163921
   22.160000     15.975848
   22.180000     15.655245
   22.200000     15.250537
   22.220000     14.815053
   22.240000     14.398327
   22.260000     14.042089
   22.280000     13.779551
   22.300000     13.636288
   22.320000     13.631508
   22.340000     13.779328
   22.360000     14.089579
   22.380000     14.568075
   22.400000     15.216164
   22.420000     16.029343
   22.440000     16.994701
   22.460000     18.087078
   22.480000     19.264391
   22.500000     20.463699
   22.520000     21.601235
   22.540000     22.580436
   22.560000     23.309940
   22.580000     23.727448
   22.600000     23.818829
   22.620000     23.621909
   22.640000     23.213444
   22.660000     22.687772
   22.680000     22.137744
   22.700000     21.643106
   22.720000     21.265726
   22.740000     21.048704
   22.760000     21.016796
   22.780000     21.176394
   22.800000     21.514679
   22.820000     21.998141
   22.840000     22.571948
   22.860000     23.162960
   22.880000     23.689111
   22.900000     24.075245
   22.920000     24.270515
   22.940000     24.258725
   22.960000     24.055639
   22.980000     23.695236
   23.000000     23.213479
   23.020000     22.637986
   23.040000     21.986904
   23.060000     21.274921
   23.080000     20.520383
   23.100000     19.749094
   23.120000     18.992102
   23.140000     18.279754
   23.160000     17.635404
   23.180000     17.071058
   23.200000     16.585631
   23.220000     16.165930
   23.240000     15.790508
   23.260000     15.436147
   23.280000     15.085341
   23.300000     14.731429
   23.320000     14.379750
   23.340000     14.043904
   23.360000     13.739705
   23.380000     13.479469
   23.400000     13.268013
   23.420000     13.100666
   23.440000     12.963355
   23.460000     12.835141
   23.480000     12.693339
   23.500000     12.520212
   23.520000     12.308739
   23.540000     12.064812
   23.560000     11.804971
   23.580000     11.551324
   23.600000     11.326262
   23.620000     11.148705
   23.640000     11.032287
   23.660000     10.985131
   23.680000     11.010795
   23.700000     11.109912
   23.720000     11.281831
   23.740000     11.525343
   23.760000     11.837843
   23.780000     12.212907
   23.800000     12.637028
   23.820000     13.086675
   23.840000     13.526749
   23.860000     13.912872
   23.880000     14.197914
   23.900000     14.342056
   23.920000     14.323365
   23.940000     14.143848
   23.960000     13.828057
   23.980000     13.415507
   24.000000     12.951138
   24.020000     12.477604
   24.040000     12.030803
   24.060000     11.638073
   24.080000     11.317903
   24.100000     11.080211
   24.120000     10.926785
   24.140000     10.851923
   24.160000     10.843677
   24.180000     10.886253
   24.200000     10.963740
   24.220000     11.064454
   24.240000     11.184300
   24.260000     11.327560
   24.280000     11.504709
   24.300000     11.728343
   24.320000     12.008707
   24.340000     12.349818
   24.360000     12.746328
   24.380000     13.181159
   24.400000     13.624321
   24.420000     14.034026
   24.440000     14.361446
   24.460000     14.559618
   24.480000     14.594460
   24.500000     14.453813
   24.520000     14.150341
   24.540000     13.717225
   24.560000     13.199429
   24.580000     12.644753
   24.600000     12.097502
   24.620000     11.595286
   24.640000     11.168141
   24.660000     10.838889
   24.680000     10.623973
   24.700000     10.534317
   24.720000     10.575960
   24.740000     10.750300
   24.760000     11.053823
   24.780000     11.477221
   24.800000     12.003864
   24.820000     12.607858
   24.840000     13.252227
   24.860000     13.888528
   24.880000     14.459441
   24.900000     14.905626
   24.920000     15.176367
   24.940000     15.240837
   24.960000     15.095246
   24.980000     14.762531
   25.000000     14.285148
   25.020000     13.714865
   25.040000     13.103662
   25.060000     12.497856
   25.080000     11.935390
   25.100000     11.445248
   25.120000     11.047944
   25.140000     10.756373
   25.160000     10.576612
   25.180000     10.508423
   25.200000     10.545281
   25.220000     10.673911
   25.240000     10.873520
   25.260000     11.115364
   25.280000     11.363617
   25.300000     11.578611
   25.320000     11.722742
   25.340000     11.767893
   25.360000     11.701702
   25.380000     11.529896
   25.400000     11.273756
   25.420000     10.964202
   25.440000     10.635229
   25.460000     10.318772
   25.480000     10.041624
   25.500000      9.823993
   25.520000      9.678939
   25.540000      9.612111
   25.560000      9.621478
   25.580000      9.697100
   25.600000      9.821325
   25.620000      9.969884
   25.640000     10.114914
   25.660000     10.229749
   25.680000     10.294578
   25.700000     10.301060
   25.720000     10.253895
   25.740000     10.168755
   25.760000     10.067715
   25.780000      9.973975
   25.800000      9.908152
   25.820000      9.884768
   25.840000      9.910130
   25.860000      9.981710
   25.880000     10.087298
   25.900000     10.205350
   25.920000     10.306954
   25.940000     10.360011
   25.960000     10.335342
   25.980000     10.213232
   26.000000      9.988016
   26.020000      9.668856
   26.040000      9.276640
   26.060000      8.838715
   26.080000      8.383645
   26.100000      7.937380
   26.120000      7.521123
   26.140000      7.150493
   26.160000      6.835519
   26.180000      6.581131
   26.200000      6.388019
   26.220000      6.253788
   26.240000      6.174262
   26.260000      6.144621
   26.280000      6.160070
   26.300000      6.215890
   26.320000      6.307102
   26.340000      6.428207
   26.360000      6.573432
   26.380000      6.737545
   26.400000      6.916802
   26.420000      7.109323
   26.440000      7.314329
   26.460000      7.530300
   26.480000      7.752685
   26.500000      7.972139
   26.520000      8.174187
   26.540000      8.340872
   26.560000      8.454315
   26.580000      8.501264
   26.600000      8.476988
   26.620000      8.386850
   26.640000      8.244946
   26.660000      8.070558
   26.680000      7.883923
   26.700000      7.702653
   26.720000      7.539439
   26.740000      7.401144
   26.760000      7.289142
   26.780000      7.200726
   26.800000      7.131231
   26.820000      7.076268
   26.840000      7.033259
   26.860000      7.001727
   26.880000      6.982325
   26.900000      6.975198
   26.920000      6.978469
   26.940000      6.987504
   26.960000      6.995278
   26.980000      6.993833
   27.000000      6.976450
   27.020000      6.939800
   27.040000      6.885175
   27.060000      6.818289
   27.080000      6.747842
   27.100000      6.683605
   27.120000      6.634818
   27.140000      6.609216
   27.160000      6.612485
   27.180000      6.647716
   27.200000      6.714662
   27.220000      6.808693
   27.240000      6.920067
   27.260000      7.034012
   27.280000      7.132149
   27.300000      7.195468
   27.320000      7.208341
   27.340000      7.162428
   27.360000      7.059057
   27.380000      6.909180
   27.400000      6.731119
   27.420000      6.547172
   27.440000      6.380326
   27.460000      6.251815
   27.480000      6.179671
   27.500000      6.178017
   27.520000      6.256751
   27.540000      6.421327
   27.560000      6.672419
   27.580000      7.005365
   27.600000      7.409372
   27.620000      7.866643
   27.640000      8.351787
   27.660000      8.832127
   27.680000      9.269624
   27.700000      9.624904
   27.720000      9.863081
   27.740000      9.960025
   27.760000      9.906971
   27.780000      9.711718
   27.800000      9.396096
   27.820000      8.990949
   27.840000      8.530612
   27.860000      8.048321
   27.880000      7.573546
   27.900000      7.130829
   27.920000      6.738379
   27.940000      6.409442
   27.960000      6.152607
   27.980000      5.972531
   28.000000      5.870572
   28.020000      5.845236
   28.040000      5.892347
   28.060000      6.004894
   28.080000      6.172746
   28.100000      6.382172
   28.120000      6.615674
   28.140000      6.852514
   28.160000      7.070365
   28.180000      7.248073
   28.200000      7.368944
   28.220000      7.423449
   28.240000      7.410308
   28.260000      7.335617
   28.280000      7.210566
   28.300000      7.048826
   28.320000      6.864503
   28.340000      6.670933
   28.360000      6.480070
   28.380000      6.302012
   28.400000      6.144435
   28.420000      6.012035
   28.440000      5.906300
   28.460000      5.825958
   28.480000      5.768199
   28.500000      5.730457
   28.520000      5.712205
   28.540000      5.716105
   28.560000      5.748097
   28.580000      5.816406
   28.600000      5.929880
   28.620000      6.096123
   28.640000      6.319792
   28.660000      6.601141
   28.680000      6.934825
   28.700000      7.308966
   28.720000      7.704678
   28.740000      8.096429
   28.760000      8.453695
   28.780000      8.744199
   28.800000      8.938476
   28.820000      9.014780
   28.840000      8.962849
   28.860000      8.785182
   28.880000      8.495684
   28.900000      8.116308
   28.920000      7.673163
   28.940000      7.193237
   28.960000      6.702238
   28.980000      6.223426
   29.000000      5.777081
   29.020000      5.380306
   29.040000      5.046923
   29.060000      4.787418
   29.080000      4.608923
   29.100000      4.515161
   29.120000      4.506312
   29.140000      4.578789
   29.160000      4.724974
   29.180000      4.933020
   29.200000      5.186981
   29.220000      5.467571
   29.240000      5.753797
   29.260000      6.025489
   29.280000      6.266315
   29.300000      6.466391
   29.320000      6.623709
   29.340000      6.743730
   29.360000      6.837335
   29.380000      6.917856
   29.400000      6.998003
   29.420000      7.087683
   29.440000      7.191712
   29.460000      7.309656
   29.480000      7.435977
   29.500000      7.561207
   29.520000      7.673840
   29.540000      7.762467
   29.560000      7.817571
   29.580000      7.832450
   29.600000      7.803202
   29.620000      7.728163
   29.640000      7.607482
   29.660000      7.443293
   29.680000      7.240434
   29.700000      7.007226
   29.720000      6.755693
   29.740000      6.500911
   29.760000      6.259620
   29.780000      6.048541
   29.800000      5.882826
   29.820000      5.774885
   29.840000      5.733605
   29.860000      5.763828
   29.880000      5.865942
   29.900000      6.035460
   29.920000      6.262587
   29.940000      6.531897
   29.960000      6.822314
   29.980000      7.108025
   30.000000      7.360369
   30.020000      7.550888
   30.040000      7.655179
   30.060000      7.656586
   30.080000      7.548620
   30.100000      7.335317
   30.120000      7.029529
   30.140000      6.649891
   30.160000      6.217556
   30.180000      5.753572
   30.200000      5.277324
   30.220000      4.805963
   30.240000      4.354482
   30.260000      3.936038
   30.280000      3.562211
   30.300000      3.243050
   30.320000      2.986940
   30.340000      2.800360
   30.360000      2.687604
   30.380000      2.650498
   30.400000      2.688119
   30.420000      2.796497
   30.440000      2.968355
   30.460000      3.192986
   30.480000      3.456441
   30.500000      3.742247
   30.520000      4.032785
   30.540000      4.311282
   30.560000      4.564075
   30.580000      4.782526
   30.600000      4.963986
   30.620000      5.111421
   30.640000      5.231814
   30.660000      5.333912
   30.680000      5.425845
   30.700000      5.513206
   30.720000      5.597967
   30.740000      5.678306
   30.760000      5.749333
   30.780000      5.804565
   30.800000      5.837801
   30.820000      5.844914
   30.840000      5.825104
   30.860000      5.781299
   30.880000      5.719686
   30.900000      5.648616
   30.920000      5.577169
   30.940000      5.513647
   30.960000      5.464202
   30.980000      5.431747
   31.000000      5.415328
   31.020000      5.410117
   31.040000      5.408137
   31.060000      5.399739
   31.080000      5.375608
   31.100000      5.328870
   31.120000      5.256719
   31.140000      5.161077
   31.160000      5.048105
   31.180000      4.926770
   31.200000      4.806947
   31.220000      4.697528
   31.240000      4.604897
   31.260000      4.531969
   31.280000      4.477826
   31.300000      4.437986
   31.320000      4.405462
   31.340000      4.372013
   31.360000      4.330037
   31.380000      4.274212
   31.400000      4.202562
   31.420000      4.116708
   31.440000      4.021275
   31.460000      3.922790
   31.480000      3.828493
   31.500000      3.745397
   31.520000      3.679737
   31.540000      3.636698
   31.560000      3.620237
   31.580000      3.632802
   31.600000      3.674887
   31.620000      3.744492
   31.640000      3.836700
   31.660000      3.943589
   31.680000      4.054711
   31.700000      4.158226
   31.720000      4.242609
   31.740000      4.298624
   31.760000      4.321023
   31.780000      4.309751
   31.800000      4.269644
   31.820000      4.209370
   31.840000      4.139917
   31.860000      4.072669
   31.880000      4.017751
   31.900000      3.982827
   31.920000      3.972419
   31.940000      3.987772
   31.960000      4.027234
   31.980000      4.087137
   32.000000      4.163016
   32.020000      4.250954
   32.040000      4.348703
   32.060000      4.456265
   32.080000      4.575740
   32.100000      4.710496
   32.120000      4.863862
   32.140000      5.037697
   32.160000      5.231103
   32.180000      5.439514
   32.200000      5.654348
   32.220000      5.863330
   32.240000      6.051600
   32.260000      6.203531
   32.280000      6.305020
   32.300000      6.345754
   32.320000      6.320880
   32.340000      6.231599
   32.360000      6.084566
   32.380000      5.890380
   32.400000      5.661656
   32.420000      5.411252
   32.440000      5.150971
   32.460000      4.890905
   32.480000      4.639329
   32.500000      4.403006
   32.520000      4.187708
   32.540000      3.998747
   32.560000      3.841381
   32.580000      3.720965
   32.600000      3.642650
   32.620000      3.611002
   32.640000      3.629344
   32.660000      3.699101
   32.680000      3.819235
   32.700000      3.985862
   32.720000      4.192132
   32.740000      4.428418
   32.760000      4.682829
   32.780000      4.942047
   32.800000      5.192369
   32.820000      5.420771
   32.840000      5.615875
   32.860000      5.768696
   32.880000      5.873137
   32.900000      5.926286
   32.920000      5.928499
   32.940000      5.883525
   32.960000      5.798102
   32.980000      5.681244
   33.000000      5.543801
   33.020000      5.397450
   33.040000      5.253744
   33.060000      5.123237
   33.080000      5.014790
   33.100000      4.935088
   33.120000      4.888331
   33.140000      4.876053
   33.160000      4.897023
   33.180000      4.947270
   33.200000      5.020290
   33.220000      5.107550
   33.240000      5.199326
   33.260000      5.285785
   33.280000      5.358119
   33.300000      5.409475
   33.320000      5.435430
   33.340000      5.433979
   33.360000      5.405174
   33.380000      5.350643
   33.400000      5.273226
   33.420000      5.176798
   33.440000      5.066221
   33.460000      4.947251
   33.480000      4.826288
   33.500000      4.709947
   33.520000      4.604534
   33.540000      4.515558
   33.560000      4.447356
   33.580000      4.402833
   33.600000      4.383294
   33.620000      4.388301
   33.640000      4.415563
   33.660000      4.460914
   33.680000      4.518428
   33.700000      4.581125
   33.720000      4.641376
   33.740000      4.691204
   33.760000      4.723459
   33.780000      4.732031
   33.800000      4.712240
   33.820000      4.660793
   33.840000      4.576006
   33.860000      4.458154
   33.880000      4.309656
   33.900000      4.135502
   33.920000      3.943211
   33.940000      3.742475
   33.960000      3.544457
   33.980000      3.360909
   34.000000      3.203242
   34.020000      3.081755
   34.040000      3.004757
   34.060000      2.979893
   34.080000      3.010787
   34.100000      3.098887
   34.120000      3.242768
   34.140000      3.437878
   34.160000      3.676400
   34.180000      3.947249
   34.200000      4.236356
   34.220000      4.527342
   34.240000      4.802677
   34.260000      5.045287
   34.280000      5.240416
   34.300000      5.377408
   34.320000      5.450979
   34.340000      5.461687
   34.360000      5.415469
   34.380000      5.322419
   34.400000      5.195135
   34.420000      5.047004
   34.440000      4.890711
   34.460000      4.737138
   34.480000      4.594657
   34.500000      4.468807
   34.520000      4.362291
   34.540000      4.275242
   34.560000      4.205715
   34.580000      4.150366
   34.600000      4.105268
   34.620000      4.066741
   34.640000      4.032170
   34.660000      4.000517
   34.680000      3.972472
   34.700000      3.950519
   34.720000      3.938449
   34.740000      3.939609
   34.760000      3.956915
   34.780000      3.991724
   34.800000      4.043207
   34.820000      4.108018
   34.840000      4.180345
   34.860000      4.252367
   34.880000      4.315129
   34.900000      4.359736
   34.920000      4.378699
   34.940000      4.367141
   34.960000      4.323611
   34.980000      4.250307
   35.000000      4.152671
   35.020000      4.038488
   35.040000      3.916739
   35.060000      3.796435
   35.080000      3.685632
   35.100000      3.590710
   35.120000      3.515949
   35.140000      3.463372
   35.160000      3.432818
   35.180000      3.422185
   35.200000      3.427841
   35.220000      3.444990
   35.240000      3.468080
   35.260000      3.491247
   35.280000      3.508684
   35.300000      3.515064
   35.320000      3.505992
   35.340000      3.478465
   35.360000      3.431243
   35.380000      3.364978
   35.400000      3.282112
   35.420000      3.186522
   35.440000      3.084373
   35.460000      2.980408
   35.480000      2.879879
   35.500000      2.787436
   35.520000      2.706850
   35.540000      2.640864
   35.560000      2.591108
   35.580000      2.558103
   35.600000      2.541327
   35.620000      2.539659
   35.640000      2.550911
   35.660000      2.572627
   35.680000      2.602134
   35.700000      2.636653
   35.720000      2.673285
   35.740000      2.708907
   35.760000      2.740070
   35.780000      2.763044
   35.800000      2.774039
   35.820000      2.769689
   35.840000      2.747673
   35.860000      2.707316
   35.880000      2.650004
   35.900000      2.579277
   35.920000      2.500509
   35.940000      2.420338
   35.960000      2.346053
   35.980000      2.285652
   36.000000      2.244976
   36.020000      2.228973
   36.040000      2.240741
   36.060000      2.281200
   36.080000      2.348880
   36.100000      2.439824
   36.120000      2.547648
   36.140000      2.663810
   36.160000      2.778127
   36.180000      2.879586
   36.200000      2.957322
   36.220000      3.002668
   36.240000      3.008743
   36.260000      2.972448
   36.280000      2.894548
   36.300000      2.779521
   36.320000      2.634932
   36.340000      2.470525
   36.360000      2.297211
   36.380000      2.126131
   36.400000      1.967926
   36.420000      1.832120
   36.440000      1.727130
   36.460000      1.659683
   36.480000      1.634567
   36.500000      1.654877
   36.520000      1.721785
   36.540000      1.834353
   36.560000      1.990041
   36.580000      2.183614
   36.600000      2.407697
   36.620000      2.652790
   36.640000      2.907470
   36.660000      3.158882
   36.680000      3.393494
   36.700000      3.598105
   36.720000      3.760986
   36.740000      3.873007
   36.760000      3.928507
   36.780000      3.925780
   36.800000      3.866975
   36.820000      3.758506
   36.840000      3.609347
   36.860000      3.429925
   36.880000      3.231874
   36.900000      3.026883
   36.920000      2.826037
   36.940000      2.639688
   36.960000      2.476185
   36.980000      2.342401
   37.000000      2.243372
   37.020000      2.182205
   37.040000      2.160009
   37.060000      2.175852
   37.080000      2.226765
   37.100000      2.307814
   37.120000      2.412293
   37.140000      2.532086
   37.160000      2.658211
   37.180000      2.781554
   37.200000      2.893716
   37.220000      2.987855
   37.240000      3.059369
   37.260000      3.106309
   37.280000      3.129462
   37.300000      3.131770
   37.320000      3.117870
   37.340000      3.093231
   37.360000      3.063342
   37.380000      3.032993
   37.400000      3.005718
   37.420000      2.983401
   37.440000      2.966141
   37.460000      2.952282
   37.480000      2.938653
   37.500000      2.921010
   37.520000      2.894966
   37.540000      2.856728
   37.560000      2.802918
   37.580000      2.732647
   37.600000      2.647009
   37.620000      2.548794
   37.640000      2.442885
   37.660000      2.335539
   37.680000      2.233786
   37.700000      2.144844
   37.720000      2.075599
   37.740000      2.032197
   37.760000      2.019742
   37.780000      2.042079
   37.800000      2.101629
   37.820000      2.199255
   37.840000      2.334139
   37.860000      2.503670
   37.880000      2.703355
   37.900000      2.926771
   37.920000      3.165617
   37.940000      3.409906
   37.960000      3.648339
   37.980000      3.868909
   38.000000      4.059704
   38.020000      4.209869
   38.040000      4.310564
   38.060000      4.355812
   38.080000      4.343124
   38.100000      4.273886
   38.120000      4.152513
   38.140000      3.986391
   38.160000      3.784930
   38.180000      3.558694
   38.200000      3.318603
   38.220000      3.075277
   38.240000      2.838546
   38.260000      2.617079
   38.280000      2.418175
   38.300000      2.247687
   38.320000      2.111293
   38.340000      2.011451
   38.360000      1.949809
   38.380000      1.926496
   38.400000      1.940093
   38.420000      1.987600
   38.440000      2.064429
   38.460000      2.164436
   38.480000      2.280028
   38.500000      2.402331
   38.520000      2.523004
   38.540000      2.632239
   38.560000      2.721444
   38.580000      2.783481
   38.600000      2.813327
   38.620000      2.808529
   38.640000      2.769366
   38.660000      2.698679
   38.680000      2.601443
   38.700000      2.484165
   38.720000      2.354211
   38.740000      2.219190
   38.760000      2.086432
   38.780000      1.962589
   38.800000      1.853361
   38.820000      1.763317
   38.840000      1.695754
   38.860000      1.652645
   38.880000      1.634488
   38.900000      1.641896
   38.920000      1.672676
   38.940000      1.724227
   38.960000      1.793096
   38.980000      1.875175
   39.000000      1.965918
   39.020000      2.060571
   39.040000      2.154378
   39.060000      2.242802
   39.080000      2.321675
   39.100000      2.387349
   39.120000      2.436823
   39.140000      2.467843
   39.160000      2.479439
   39.180000      2.471592
   39.200000      2.445170
   39.220000      2.402236
   39.240000      2.346101
   39.260000      2.281630
   39.280000      2.213174
   39.300000      2.145909
   39.320000      2.085102
   39.340000      2.035813
   39.360000      2.002671
   39.380000      1.989683
   39.400000      2.000067
   39.420000      2.036119
   39.440000      2.099082
   39.460000      2.189040
   39.480000      2.304802
   39.500000      2.443815
   39.520000      2.602047
   39.540000      2.774652
   39.560000      2.954855
   39.580000      3.135088
   39.600000      3.307119
   39.620000      3.462563
   39.640000      3.593506
   39.660000      3.693176
   39.680000      3.756573
   39.700000      3.780893
   39.720000      3.765778
   39.740000      3.713257
   39.760000      3.627443
   39.780000      3.514052
   39.800000      3.379828
   39.820000      3.231974
   39.840000      3.077648
   39.860000      2.923542
   39.880000      2.775534
   39.900000      2.638371
   39.920000      2.516596
   39.940000      2.413009
   39.960000      2.328967
   39.980000      2.264922
   40.000000      2.220224
   40.020000      2.193223
   40.040000      2.181434
   40.060000      2.181760
   40.080000      2.190763
   40.100000      2.204967
   40.120000      2.221150
   40.140000      2.236591
   40.160000      2.249221
   40.180000      2.257662
   40.200000      2.261162
   40.220000      2.259440
   40.240000      2.252503
   40.260000      2.240477
   40.280000      2.223484
   40.300000      2.201717
   40.320000      2.175404
   40.340000      2.144893
   40.360000      2.110873
   40.380000      2.074449
   40.400000      2.037191
   40.420000      2.001080
   40.440000      1.968363
   40.460000      1.941418
   40.480000      1.923226
   40.500000      1.915721
   40.520000      1.920786
   40.540000      1.939800
   40.560000      1.973549
   40.580000      2.022153
   40.600000      2.084986
   40.620000      2.160601
   40.640000      2.247122
   40.660000      2.342187
   40.680000      2.442181
   40.700000      2.543311
   40.720000      2.641494
   40.740000      2.732591
   40.760000      2.812677
   40.780000      2.878310
   40.800000      2.926793
   40.820000      2.956384
   40.840000      2.966418
   40.860000      2.957365
   40.880000      2.930786
   40.900000      2.889157
   40.920000      2.835619
   40.940000      2.773807
   40.960000      2.708191
   40.980000      2.642234
   41.000000      2.579437
   41.020000      2.522778
   41.040000      2.474553
   41.060000      2.436267
   41.080000      2.408567
   41.100000      2.391217
   41.120000      2.383120
   41.140000      2.382387
   41.160000      2.386467
   41.180000      2.392314
   41.200000      2.397101
   41.220000      2.397637
   41.240000      2.391357
   41.260000      2.376418
   41.280000      2.351916
   41.300000      2.317993
   41.320000      2.275827
   41.340000      2.227515
   41.360000      2.175864
   41.380000      2.124125
   41.400000      2.075949
   41.420000      2.034780
   41.440000      2.003935
   41.460000      1.986385
   41.480000      1.984677
   41.500000      2.000819
   41.520000      2.036248
   41.540000      2.091810
   41.560000      2.167736
   41.580000      2.263617
   41.600000      2.378361
   41.620000      2.510168
   41.640000      2.656644
   41.660000      2.815647
   41.680000      2.983141
   41.700000      3.155085
   41.720000      3.327001
   41.740000      3.494087
   41.760000      3.651377
   41.780000      3.793927
   41.800000      3.917031
   41.820000      4.016453
   41.840000      4.088655
   41.860000      4.131012
   41.880000      4.141975
   41.900000      4.121141
   41.920000      4.069198
   41.940000      3.988372
   41.960000      3.881785
   41.980000      3.753068
   42.000000      3.606599
   42.020000      3.447079
   42.040000      3.279297
   42.060000      3.107918
   42.080000      2.937321
   42.100000      2.771478
   42.120000      2.613864
   42.140000      2.467411
   42.160000      2.334479
   42.180000      2.216844
   42.200000      2.115704
   42.220000      2.031689
   42.240000      1.964885
   42.260000      1.914871
   42.280000      1.880758
   42.300000      1.861236
   42.320000      1.854756
   42.340000      1.859762
   42.360000      1.874338
   42.380000      1.896766
   42.400000      1.925474
   42.420000      1.959076
   42.440000      1.996336
   42.460000      2.037612
   42.480000      2.081887
   42.500000      2.128943
   42.520000      2.178600
   42.540000      2.230598
   42.560000      2.284517
   42.580000      2.339673
   42.600000      2.395046
   42.620000      2.449210
   42.640000      2.500737
   42.660000      2.547864
   42.680000      2.588625
   42.700000      2.621260
   42.720000      2.644297
   42.740000      2.656713
   42.760000      2.658069
   42.780000      2.648567
   42.800000      2.629049
   42.820000      2.600921
   42.840000      2.566017
   42.860000      2.526507
   42.880000      2.484711
   42.900000      2.442827
   42.920000      2.402947
   42.940000      2.366863
   42.960000      2.336014
   42.980000      2.311419
   43.000000      2.293638
   43.020000      2.282751
   43.040000      2.278364
   43.060000      2.279626
   43.080000      2.285290
   43.100000      2.293782
   43.120000      2.303281
   43.140000      2.311757
   43.160000      2.317150
   43.180000      2.319118
   43.200000      2.315746
   43.220000      2.306320
   43.240000      2.290655
   43.260000      2.269092
   43.280000      2.242442
   43.300000      2.211894
   43.320000      2.178888
   43.340000      2.144988
   43.360000      2.111755
   43.380000      2.080644
   43.400000      2.052917
   43.420000      2.029581
   43.440000      2.011352
   43.460000      1.998642
   43.480000      1.991566
   43.500000      1.989972
   43.520000      1.993487
   43.540000      2.001587
   43.560000      2.013667
   43.580000      2.029123
   43.600000      2.047429
   43.620000      2.068189
   43.640000      2.091173
   43.660000      2.116322
   43.680000      2.143716
   43.700000      2.173530
   43.720000      2.205952
   43.740000      2.241075
   43.760000      2.278776
   43.780000      2.319097
   43.800000      2.361633
   43.820000      2.405150
   43.840000      2.449476
   43.860000      2.493211
   43.880000      2.534817
   43.900000      2.572837
   43.920000      2.605845
   43.940000      2.632567
   43.960000      2.651996
   43.980000      2.663495
   44.000000      2.666855
   44.020000      2.662315
   44.040000      2.650551
   44.060000      2.632626
   44.080000      2.609876
   44.100000      2.583821
   44.120000      2.556059
   44.140000      2.528176
   44.160000      2.501662
   44.180000      2.477852
   44.200000      2.457865
   44.220000      2.442579
   44.240000      2.432652
   44.260000      2.428349
   44.280000      2.429548
   44.300000      2.436206
   44.320000      2.447986
   44.340000      2.463773
   44.360000      2.482498
   44.380000      2.502806
   44.400000      2.523169
   44.420000      2.541971
   44.440000      2.557585
   44.460000      2.568477
   44.480000      2.573304
   44.500000      2.571007
   44.520000      2.560891
   44.540000      2.542659
   44.560000      2.516404
   44.580000      2.482496
   44.600000      2.441839
   44.620000      2.395882
   44.640000      2.345622
   44.660000      2.292416
   44.680000      2.237643
   44.700000      2.182640
   44.720000      2.128657
   44.740000      2.076821
   44.760000      2.028106
   44.780000      1.983320
   44.800000      1.943207
   44.820000      1.908238
   44.840000      1.878855
   44.860000      1.855179
   44.880000      1.837264
   44.900000      1.825017
   44.920000      1.818195
   44.940000      1.816449
   44.960000      1.819326
   44.980000      1.826298
   45.000000      1.836776
   45.020000      1.850115
   45.040000      1.865781
   45.060000      1.883301
   45.080000      1.902037
   45.100000      1.921514
   45.120000      1.941629
   45.140000      1.961885
   45.160000      1.981999
   45.180000      2.001709
   45.200000      2.020760
   45.220000      2.038897
   45.240000      2.055866
   45.260000      2.071424
   45.280000      2.085358
   45.300000      2.097508
   45.320000      2.107787
   45.340000      2.116170
   45.360000      2.122627
   45.380000      2.127599
   45.400000      2.131552
   45.420000      2.134694
   45.440000      2.137467
   45.460000      2.140333
   45.480000      2.143742
   45.500000      2.148106
   45.520000      2.153775
   45.540000      2.161012
   45.560000      2.169985
   45.580000      2.180700
   45.600000      2.192836
   45.620000      2.206529
   45.640000      2.221776
   45.660000      2.237813
   45.680000      2.254098
   45.700000      2.270001
   45.720000      2.284830
   45.740000      2.297864
   45.760000      2.308375
   45.780000      2.315634
   45.800000      2.319183
   45.820000      2.318660
   45.840000      2.313755
   45.860000      2.304339
   45.880000      2.290485
   45.900000      2.272436
   45.920000      2.250547
   45.940000      2.225281
   45.960000      2.197160
   45.980000      2.166736
   46.000000      2.134627
   46.020000      2.101358
   46.040000      2.067454
   46.060000      2.033392
   46.080000      1.999601
   46.100000      1.966436
   46.120000      1.934135
   46.140000      1.903078
   46.160000      1.873614
   46.180000      1.845797
   46.200000      1.819767
   46.220000      1.795626
   46.240000      1.773446
   46.260000      1.753272
   46.280000      1.735121
   46.300000      1.718994
   46.320000      1.704870
   46.340000      1.692709
   46.360000      1.682385
   46.380000      1.673543
   46.400000      1.666980
   46.420000      1.662149
   46.440000      1.658973
   46.460000      1.657374
   46.480000      1.657271
   46.500000      1.658583
   46.520000      1.661226
   46.540000      1.665120
   46.560000      1.670185
   46.580000      1.676342
   46.600000      1.683516
   46.620000      1.691632
   46.640000      1.700620
   46.660000      1.710405
   46.680000      1.720857
   46.700000      1.731707
   46.720000      1.743539
   46.740000      1.755936
   46.760000      1.768847
   46.780000      1.782178
   46.800000      1.795648
   46.820000      1.809809
   46.840000      1.824317
   46.860000      1.839123
   46.880000      1.854192
   46.900000      1.869492
   46.920000      1.884992
   46.940000      1.900663
   46.960000      1.916479
   46.980000      1.932415
   47.000000      1.948416
   47.020000      1.964286
   47.040000      1.980366
   47.060000      1.996566
   47.080000      2.012785
   47.100000      2.029007
   47.120000      2.045214
   47.140000      2.061394
   47.160000      2.077533
   47.180000      2.093617
   47.200000      2.109636
   47.220000      2.125576
   47.240000      2.141429
   47.260000      2.157184
   47.280000      2.172830
   47.300000      2.188360
   47.320000      2.203765
   47.340000      2.219036
   47.360000      2.234164
   47.380000      2.249138
   47.400000      2.263916
   47.420000      2.278257
   47.440000      2.292359
   47.460000      2.306682
   47.480000      2.320824
   47.500000      2.334780
   47.520000      2.348544
   47.540000      2.362111
   47.560000      2.375475
   47.580000      2.388633
   47.600000      2.401577
   47.620000      2.414221
   47.640000      2.426092
   47.660000      2.438368
   47.680000      2.450421
   47.700000      2.462241
   47.720000      2.473822
   47.740000      2.485162
   47.760000      2.496255
   47.780000      2.507098
   47.800000      2.517688
   47.820000      2.528020
   47.840000      2.538086
   47.860000      2.547866
   47.880000      2.557406
   47.900000      2.566673
   47.920000      2.575658
   47.940000      2.584307
   47.960000      2.592712
   47.980000      2.600854
   48.000000      2.608676
   48.020000      2.616247
   48.040000      2.623524
   48.060000      2.630503
   48.080000      2.637183
   48.100000      2.643559
   48.120000      2.649630
   48.140000      2.655391
   48.160000      2.660841
   48.180000      2.665976
   48.200000      2.670794
   48.220000      2.675290
   48.240000      2.679423
   48.260000      2.683023
   48.280000      2.686356
   48.300000      2.689544
   48.320000      2.692399
   48.340000      2.694916
   48.360000      2.697094
   48.380000      2.698929
   48.400000      2.700420
   48.420000      2.701562
   48.440000      2.702355
   48.460000      2.702789
   48.480000      2.702766
   48.500000      2.702055
   48.520000      2.701374
   48.540000      2.700378
   48.560000      2.699016
   48.580000      2.697287
   48.600000      2.695186
   48.620000      2.692713
   48.640000      2.689863
   48.660000      2.686635
   48.680000      2.683026
   48.700000      2.679034
   48.720000      2.674657
   48.740000      2.669891
   48.760000      2.664734
   48.780000      2.659173
   48.800000      2.653150
   48.820000      2.646639
   48.840000      2.639895
   48.860000      2.632742
   48.880000      2.625105
   48.900000      2.616861
   48.920000      2.608491
   48.940000      2.599708
   48.960000      2.590510
   48.980000      2.580894
   49.000000      2.570850
   49.020000      2.560325
   49.040000      2.549409
   49.060000      2.538098
   49.080000      2.526358
   49.100000      2.514185
   49.120000      2.501577
   49.140000      2.488532
   49.160000      2.475048
   49.180000      2.461121
   49.200000      2.446750
   49.220000      2.431933
   49.240000      2.416666
   49.260000      2.400948
   49.280000      2.384775
   49.300000      2.368146
   49.320000      2.351058
   49.340000      2.333485
   49.360000      2.315236
   49.380000      2.295968
   49.400000      2.276884
   49.420000      2.257468
   49.440000      2.237578
   49.460000      2.217212
   49.480000      2.196368
   49.500000      2.175043
   49.520000      2.153235
   49.540000      2.130942
   49.560000      2.108158
   49.580000      2.084867
   49.600000      2.061063
   49.620000      2.036802
   49.640000      2.012043
   49.660000      1.986779
   49.680000      1.961013
   49.700000      1.934747
   49.720000      1.907973
   49.740000      1.880689
   49.760000      1.852892
   49.780000      1.824581
   49.800000      1.795749
   49.820000      1.766327
   49.840000      1.736137
   49.860000      1.705742
   49.880000      1.674820
   49.900000      1.643367
   49.920000      1.611383
   49.940000      1.578863
   49.960000      1.545807
   49.980000      1.512210
   50.000000      1.478072
