    2.500000     48.703983
    2.520000     70.910576
    2.540000     86.116115
    2.560000     56.320601
    2.580000     58.524033
    2.600000     58.726414
    2.620000     53.927743
    2.640000     51.128020
    2.660000     56.327245
    2.680000     47.525408
    2.700000     48.722523
    2.720000     48.918607
    2.740000     31.113642
    2.760000     33.307650
    2.780000     23.500610
    2.800000     21.692508
    2.820000     22.883324
    2.840000     19.073041
    2.860000     18.261584
    2.880000     12.449027
    2.900000      2.634964
    2.920000     -1.179746
    2.940000     16.004872
    2.960000     10.188449
    2.980000      4.370983
    3.000000      0.552473
    3.020000      8.732920
    3.040000     10.912323
    3.060000      6.090680
    3.080000      3.267991
    3.100000     11.444255
    3.120000     -0.380529
    3.140000      3.793636
    3.160000      5.966751
    3.180000     -2.861187
    3.200000      1.309820
    3.220000     -2.520229
    3.240000     -8.351337
    3.260000     -9.183506
    3.280000     -5.016738
    3.300000      4.148963
    3.320000      3.313596
    3.340000      3.477157
    3.360000     -3.360357
    3.380000     -8.198950
    3.400000     11.961375
    3.420000    -13.879386
    3.440000     -6.721238
    3.460000     -9.564185
    3.480000     -2.408231
    3.500000    -13.253382
    3.520000     -1.099643
    3.540000     -2.947019
    3.560000     -7.795517
    3.580000     -5.645169
    3.600000      3.503937
    3.620000     -3.348265
    3.640000    -20.201899
    3.660000     -3.057399
    3.680000     -3.915318
    3.700000    -11.771883
    3.720000     -1.629630
    3.740000     -7.488569
    3.760000     -0.348710
    3.780000     -7.210062
    3.800000     -5.072638
    3.820000    -14.936449
    3.840000     -5.801508
    3.860000     -3.667826
    3.880000     -1.535419
    3.900000      2.595701
    3.920000     -3.274483
    3.940000     -6.145986
    3.960000     -4.018824
    3.980000    -13.893015
    4.000000     -6.768577
    4.020000     -4.645532
    4.040000      7.476099
    4.060000    -10.403709
    4.080000     -6.284983
    4.100000     -9.167781
    4.120000     -7.052024
    4.140000      8.062194
    4.160000     -0.825159
    4.180000     -2.714069
    4.200000     -4.604598
    4.220000    -15.496776
    4.240000     -7.390639
    4.260000     -7.286224
    4.280000     -3.183572
    4.300000     -3.082725
    4.320000     -7.983749
    4.340000     -8.886709
    4.360000     -9.791715
    4.380000     -1.698719
    4.400000      3.392100
    4.420000     -3.519803
    4.440000     -8.432877
    4.460000     -6.348165
    4.480000     -9.265733
    4.500000     -1.185652
    4.520000    -11.107996
    4.540000     -9.032844
    4.560000     -8.960281
    4.580000     -0.890396
    4.600000    -12.823284
    4.620000     -2.759046
    4.640000     -4.697789
    4.660000     -1.639629
    4.680000     -6.584687
    4.700000     -8.533093
    4.720000      7.515013
    4.740000      3.559482
    4.760000      3.600157
    4.780000      6.636866
    4.800000     -6.330572
    4.820000      9.697648
    4.840000     -3.278685
    4.860000     -2.259794
    4.880000     -3.245921
    4.900000      4.762672
    4.920000     -3.234293
    4.940000     -3.237119
    4.960000     11.753866
    4.980000     10.738312
    5.000000      7.715835
    5.020000     10.686023
    5.040000     13.648427
    5.060000     18.602559
    5.080000     -0.452121
    5.100000     16.483788
    5.120000     15.409628
    5.140000      5.324538
    5.160000      5.228144
    5.180000     -9.880350
    5.200000     -2.002032
    5.220000    -10.137901
    5.240000     -2.289058
    5.260000     -9.456725
    5.280000      6.357684
    5.300000    -10.847390
    5.320000      2.926314
    5.340000     -9.323260
    5.360000     -9.599584
    5.380000     -0.901229
    5.400000      5.767952
    5.420000     -6.595671
    5.440000     -1.995423
    5.460000     -5.435075
    5.480000      1.081077
    5.500000     -6.451878
    5.520000     -7.039577
    5.540000     -8.688517
    5.560000     -1.406230
    5.580000     -1.201486
    5.600000     -7.084559
    5.620000      3.932431
    5.640000     -6.164924
    5.660000      4.606066
    5.680000     -0.775696
    5.700000     -0.336474
    5.720000     -5.109959
    5.740000     -2.141056
    5.760000    -12.491976
    5.780000     -2.251229
    5.800000      0.454735
    5.820000      1.448871
    5.840000      7.492947
    5.860000      5.283375
    5.880000     10.458340
    5.900000     15.605185
    5.920000     17.237060
    5.940000     16.723913
    5.960000     22.227405
    5.980000     -8.295895
    6.000000      6.017913
    6.020000      1.144815
    6.040000    -14.611142
    6.060000    -24.503480
    6.080000      8.266232
    6.100000    -24.556023
    6.120000     15.705371
    6.140000      2.964622
    6.160000     -9.896292
    6.180000     13.540535
    6.200000      4.136615
    6.220000     61.792906
    6.240000     -8.821624
    6.260000      7.606637
    6.280000   -100.896143
    6.300000    -14.558629
    6.320000     46.267209
    6.340000     43.972807
    6.360000     -2.233907
    6.380000    -16.728074
    6.400000    -23.750220
    6.420000    -37.351225
    6.440000     18.784580
    6.460000     15.005692
    6.480000      4.164272
    6.500000     19.498426
    6.520000     13.488638
    6.540000     26.805012
    6.560000      4.021231
    6.580000     15.075651
    6.600000      9.546674
    6.620000     -0.189744
    6.640000     10.124354
    6.660000    -14.324106
    6.680000      8.607138
    6.700000     -1.973238
    6.720000     -3.979142
    6.740000    -11.341899
    6.760000     11.993704
    6.780000      4.073453
    6.800000     -3.066086
    6.820000      6.605628
    6.840000      2.113936
    6.860000      4.479957
    6.880000     -4.278504
    6.900000      9.854707
    6.920000      5.891830
    6.940000    -13.156178
    6.960000    -14.280149
    6.980000      0.529057
    7.000000     -2.721834
    7.020000      7.973409
    7.040000      8.619921
    7.060000     10.222794
    7.080000      1.786010
    7.100000      9.313165
    7.120000    -10.192158
    7.140000      3.272709
    7.160000      0.710350
    7.180000     -1.876954
    7.200000     -2.487481
    7.220000     -1.118511
    7.240000      0.231108
    7.260000     -1.437186
    7.280000      6.877902
    7.300000     11.177703
    7.320000     -1.536880
    7.340000     -0.264547
    7.360000     -4.003990
    7.380000     -5.754821
    7.400000      1.483696
    7.420000     -5.287845
    7.440000     -1.069163
    7.460000      0.141444
    7.480000     -6.656122
    7.500000     -4.461398
    7.520000     -1.273994
    7.540000      2.906300
    7.560000     -1.919417
    7.580000     -5.751250
    7.600000      5.410997
    7.620000      6.567782
    7.640000     -1.280441
    7.660000      1.866269
    7.680000     -2.991945
    7.700000     -0.854316
    7.720000     -2.721047
    7.740000      1.407984
    7.760000      7.532960
    7.780000      5.653948
    7.800000      2.770945
    7.820000      0.884013
    7.840000      2.993265
    7.860000     -3.901807
    7.880000     -1.801394
    7.900000      2.293528
    7.920000      2.382078
    7.940000      3.462383
    7.960000      3.531888
    7.980000     -3.412674
    8.000000      1.625757
    8.020000     -4.356024
    8.040000      1.640710
    8.060000     -1.382357
    8.080000      0.582829
    8.100000     -6.450262
    8.120000      5.541320
    8.140000     -2.413201
    8.160000      3.706292
    8.180000     -3.110372
    8.200000      7.101521
    8.220000     -0.690648
    8.240000      3.496162
    8.260000      4.656555
    8.280000      1.791840
    8.300000      1.907536
    8.320000     -1.991980
    8.340000      2.097618
    8.360000      8.179503
    8.380000      8.255718
    8.400000      0.328225
    8.420000     -1.602602
    8.440000      5.464340
    8.460000      2.529116
    8.480000      6.592392
    8.500000     13.654072
    8.520000     13.714086
    8.540000      5.772686
    8.560000     22.830401
    8.580000     10.887065
    8.600000     23.942620
    8.620000     16.996868
    8.640000     18.050356
    8.660000     29.102914
    8.680000     19.154388
    8.700000      9.205215
    8.720000     29.255066
    8.740000     10.304113
    8.760000      8.352519
    8.780000      0.399899
    8.800000      5.446821
    8.820000      4.492930
    8.840000     -2.461838
    8.860000      6.582773
    8.880000      6.626876
    8.900000     -1.329928
    8.920000     -2.287126
    8.940000      2.754737
    8.960000      2.796000
    8.980000      3.836847
    9.000000      2.877047
    9.020000      1.916741
    9.040000     -1.044429
    9.060000      5.993849
    9.080000      3.031653
    9.100000      1.068997
    9.120000     10.105619
    9.140000     -3.858334
    9.160000      3.177136
    9.180000      1.212203
    9.200000     -3.753450
    9.220000      3.280451
    9.240000     -0.686218
    9.260000     -0.653308
    9.280000      5.379169
    9.300000      4.410626
    9.320000     10.441954
    9.340000      6.472830
    9.360000      5.502951
    9.380000      0.532783
    9.400000      3.561851
    9.420000      8.590383
    9.440000      1.618388
    9.460000      4.645902
    9.480000     10.672797
    9.500000      0.699344
    9.520000     -3.274789
    9.540000      3.750045
    9.560000     10.774714
    9.580000      2.799160
    9.600000     -3.177025
    9.620000      1.845677
    9.640000     14.868319
    9.660000      3.890276
    9.680000      2.911211
    9.700000     -5.068829
    9.720000      3.951176
    9.740000     -5.029526
    9.760000      5.988888
    9.780000      8.006289
    9.800000      0.023212
    9.820000      3.038869
    9.840000      1.053936
    9.860000     -1.932348
    9.880000      4.080343
    9.900000      1.091779
    9.920000      3.102656
    9.940000      7.112237
    9.960000      3.120285
    9.980000      0.126251
   10.000000      7.130534
   10.020000      3.133451
   10.040000      3.133911
   10.060000      2.131715
   10.080000      5.127101
   10.100000     -3.880985
   10.120000      2.106262
   10.140000      0.088039
   10.160000      2.063216
   10.180000      1.028970
   10.200000      2.982049
   10.220000      5.918658
   10.240000      2.834876
   10.260000      2.726411
   10.280000      2.590916
   10.300000      1.430645
   10.320000      0.253105
   10.340000      5.073759
   10.360000     -3.082454
   10.380000     -2.187661
   10.400000      3.773648
   10.420000     -1.212024
   10.440000     -2.179952
   10.460000     -0.165379
   10.480000      3.807416
   10.500000     -1.276917
   10.520000     -6.430145
   10.540000      1.334962
   10.560000     -2.999853
   10.580000     -0.460107
   10.600000     -3.081355
   10.620000     -0.908001
   10.640000      7.006170
   10.660000     -1.396604
   10.680000      6.829155
   10.700000      0.646940
   10.720000      7.057590
   10.740000     -2.893098
   10.760000     -5.121755
   10.780000      0.527429
   10.800000      0.390357
   10.820000      6.059667
   10.840000    -10.731931
   10.860000      2.462433
   10.880000     11.383142
   10.900000      0.230466
   10.920000      6.209532
   10.940000      7.822911
   10.960000      0.857344
   10.980000      1.279671
   11.000000     -2.850798
   11.020000     -2.434115
   11.040000     -3.368559
   11.060000     -2.565285
   11.080000      0.046925
   11.100000      1.520822
   11.120000     -1.104866
   11.140000      1.197189
   11.160000     -1.553690
   11.180000     -4.342198
   11.200000     -1.155427
   11.220000     -5.962302
   11.240000      0.159241
   11.260000     -5.736143
   11.280000      4.354433
   11.300000     -2.566937
   11.320000     -3.498638
   11.340000     -2.439063
   11.360000      3.612719
   11.380000      0.657401
   11.400000      5.696218
   11.420000     -0.270377
   11.440000     -3.241978
   11.460000      7.781770
   11.480000      0.801208
   11.500000      5.816757
   11.520000      3.828469
   11.540000      2.836426
   11.560000     -0.159091
   11.580000     -0.158019
   11.600000     -2.160398
   11.620000      1.833803
   11.640000     -7.175558
   11.660000     -0.188814
   11.680000     -1.205395
   11.700000      2.774166
   11.720000      1.749674
   11.740000      2.720885
   11.760000      5.687512
   11.780000     -1.350849
   11.800000     -3.394874
   11.820000     -0.444620
   11.840000      3.499594
   11.860000     -1.563182
   11.880000     -3.633682
   11.900000      1.287217
   11.920000      0.198507
   11.940000      3.099015
   11.960000     -2.012806
   11.980000      3.861415
   12.000000     -3.279882
   12.020000     -1.439365
   12.040000      2.380449
   12.060000      4.176558
   12.080000      2.944171
   12.100000     -1.323898
   12.120000      3.368008
   12.140000      5.011981
   12.160000      4.597869
   12.180000      0.111829
   12.200000     -5.464875
   12.220000     -4.157469
   12.240000     -7.003563
   12.260000      1.943671
   12.280000     -2.391750
   12.300000      2.884633
   12.320000      1.634313
   12.340000     -0.315054
   12.360000      8.755850
   12.380000     -4.335705
   12.400000    -12.781919
   12.420000     -1.657208
   12.440000      7.207130
   12.460000     -5.617922
   12.480000      4.986567
   12.500000      6.693912
   12.520000     11.332544
   12.540000     15.946529
   12.560000     10.015310
   12.580000     11.814305
   12.600000      9.496445
   12.620000      1.762235
   12.640000      7.927493
   12.660000     -2.246213
   12.680000     -2.735653
   12.700000     -8.386704
   12.720000      1.001364
   12.740000    -10.372060
   12.760000     -7.332021
   12.780000     -3.736120
   12.800000     -4.474042
   12.820000     -7.462386
   12.840000     -1.639484
   12.860000     -6.960512
   12.880000     -2.392654
   12.900000     -3.911865
   12.920000      0.499948
   12.940000     -0.144050
   12.960000      4.166054
   12.980000      2.437868
   13.000000      2.677340
   13.020000     -2.110184
   13.040000     -0.921141
   13.060000      6.247604
   13.080000      8.398403
   13.100000      0.534052
   13.120000      0.656010
   13.140000      3.765666
   13.160000      2.864430
   13.180000      6.953158
   13.200000      2.032480
   13.220000      3.102838
   13.240000      6.165065
   13.260000      6.218812
   13.280000     11.263701
   13.300000      2.298768
   13.320000     11.322970
   13.340000      7.334344
   13.360000     11.330155
   13.380000     -1.692918
   13.400000      2.261251
   13.420000      3.190286
   13.440000      6.091523
   13.460000      3.965745
   13.480000      7.819161
   13.500000     -0.333342
   13.520000     -0.467005
   13.540000      2.450549
   13.560000     -0.552244
   13.580000     -3.466898
   13.600000     -1.311135
   13.620000     -0.116564
   13.640000     -1.912515
   13.660000     -0.718902
   13.680000     -2.545987
   13.700000     -3.397354
   13.720000      2.727215
   13.740000     -2.169533
   13.760000     -3.084204
   13.780000      2.986223
   13.800000      3.045190
   13.820000     -3.905055
   13.840000      7.137591
   13.860000      1.174689
   13.880000      7.207196
   13.900000     -2.763463
   13.920000      3.262953
   13.940000     -5.712863
   13.960000     -3.690341
   13.980000      2.330637
   14.000000      1.350305
   14.020000      1.368845
   14.040000      0.386355
   14.060000      3.402478
   14.080000      3.418314
   14.100000      1.433565
   14.120000     -1.551796
   14.140000      1.462267
   14.160000      7.475769
   14.180000     -6.511398
   14.200000      2.501321
   14.220000     -3.486340
   14.240000      2.525645
   14.260000      6.537166
   14.280000      5.548132
   14.300000     -2.440777
   14.320000      1.570057
   14.340000      1.580640
   14.360000     -4.409120
   14.380000     -0.399010
   14.400000      4.610772
   14.420000     -2.379640
   14.440000      2.629961
   14.460000     -2.360678
   14.480000      6.648606
   14.500000      0.657707
   14.520000      4.666540
   14.540000     -0.324594
   14.560000      3.683945
   14.580000      3.692390
   14.600000      0.700909
   14.620000     -1.290679
   14.640000      9.717629
   14.660000     -0.274166
   14.680000      2.733754
   14.700000     -1.258632
   14.720000     -4.250698
   14.740000      5.757151
   14.760000     -1.235082
   14.780000     -1.227396
   14.800000     -4.219786
   14.820000     -1.212271
   14.840000      2.794821
   14.860000     -0.198059
   14.880000      1.809198
   14.900000     -0.183570
   14.920000     -0.176411
   14.940000      6.830676
   14.960000      4.837691
   14.980000      8.844603
   15.000000      6.850992
   15.020000      3.857782
   15.040000      5.864499
   15.060000      7.871139
   15.080000      8.877696
   15.100000      8.884032
   15.120000     -0.109883
   15.140000      0.896421
   15.160000      1.902634
   15.180000      8.908751
   15.200000      3.914768
   15.220000      1.920678
   15.240000      1.926388
   15.260000     -5.068519
   15.280000     -1.062992
   15.300000     -2.057563
   15.320000     -1.052274
   15.340000      2.952867
   15.360000     -3.042152
   15.380000     -0.037341
   15.400000     -2.032725
   15.420000      1.971364
   15.440000     -2.024616
   15.460000     -0.020625
   15.480000     -2.016879
   15.500000      1.986600
   15.520000     -0.010211
   15.540000     -2.007363
   15.560000     -5.004929
   15.580000     -4.002889
   15.600000     -0.001297
   15.620000     -2.000098
   15.640000      7.000712
   15.660000     -0.998998
   15.680000      1.000717
   15.700000     -3.000211
   15.720000      2.998151
   15.740000      1.995651
   15.760000     -3.008137
   15.780000      0.987606
   15.800000     -1.017724
   15.820000      2.975746
   15.840000     -1.032127
   15.860000      2.958495
   15.880000      4.947376
   15.900000     -2.065831
   15.920000     -3.080976
   15.940000     -0.098588
   15.960000      0.880800
   15.980000      4.857169
   16.000000      5.829840
   16.020000     -2.201808
   16.040000     -5.238447
   16.060000     -0.280990
   16.080000     -0.330710
   16.100000      1.611199
   16.120000      1.542774
   16.140000      1.461738
   16.160000     -1.635297
   16.180000      0.247340
   16.200000      1.103827
   16.220000      3.926605
   16.240000      1.706561
   16.260000      2.432162
   16.280000      3.089728
   16.300000     -5.335901
   16.320000     -2.860519
   16.340000     -0.498855
   16.360000      0.738297
   16.380000     -3.151035
   16.400000     -1.152060
   16.420000      0.777993
   16.440000     -2.278551
   16.460000     -4.197016
   16.480000     -2.829148
   16.500000      1.948323
   16.520000     -0.822804
   16.540000      3.797858
   16.560000      8.684678
   16.580000      3.701104
   16.600000      8.737762
   16.620000      3.722139
   16.640000      9.613518
   16.660000      5.394450
   16.680000     -1.936713
   16.700000      5.626803
   16.720000     -4.903428
   16.740000     -2.514119
   16.760000      0.807868
   16.780000      0.074375
   16.800000      9.296230
   16.820000     -4.518015
   16.840000     -0.361211
   16.860000     -1.227611
   16.880000      1.887344
   16.900000     -3.012842
   16.920000     -0.925135
   16.940000      3.152585
   16.960000      4.222096
   16.980000      0.284750
   17.000000     -1.658449
   17.020000      2.393661
   17.040000     -0.558368
   17.060000      0.486042
   17.080000     -1.472632
   17.100000     -0.433990
   17.120000      3.602295
   17.140000      6.636437
   17.160000      3.668763
   17.180000     -2.300393
   17.200000      0.728947
   17.220000      4.756959
   17.240000     -1.216175
   17.260000     -2.190317
   17.280000     -2.165357
   17.300000     -0.141231
   17.320000     -1.117712
   17.340000      1.905421
   17.360000     -2.071971
   17.380000      0.949388
   17.400000      2.970256
   17.420000     -0.009351
   17.440000      2.010605
   17.460000      3.030159
   17.480000     -0.950661
   17.500000     -1.931898
   17.520000      6.086625
   17.540000     -0.895149
   17.560000      2.122801
   17.580000      4.140491
   17.600000      0.157937
   17.620000     -2.824850
   17.640000      0.192143
   17.660000      2.208924
   17.680000     -3.774499
   17.700000     -5.758118
   17.720000     -0.741930
   17.740000     -3.725931
   17.760000      1.289882
   17.780000     -0.694493
   17.800000     -1.679054
   17.820000     -1.663806
   17.840000      3.351249
   17.860000     -0.633896
   17.880000     -0.619248
   17.900000      3.395184
   17.920000     -0.590610
   17.940000      4.423355
   17.960000      7.437065
   17.980000      0.450501
   18.000000     -2.536356
   18.020000      4.476468
   18.040000     -0.511052
   18.060000      3.501051
   18.080000      1.512745
   18.100000     -0.476006
   18.120000     -2.465271
   18.140000     -0.455111
   18.160000     -1.445577
   18.180000      3.563259
   18.200000      0.571311
   18.220000      2.578479
   18.240000      0.584646
   18.260000     -4.410327
   18.280000      4.593395
   18.300000      3.595615
   18.320000     -1.403911
   18.340000     -2.405480
   18.360000      1.590532
   18.380000      1.583652
   18.400000      1.573272
   18.420000      4.558613
   18.440000      3.538672
   18.460000      1.512165
   18.480000      5.477469
   18.500000      0.432569
   18.520000      3.375018
   18.540000      1.301933
   18.560000      2.210024
   18.580000     -2.904302
   18.600000     -4.044759
   18.620000     -2.214875
   18.640000     -3.417591
   18.660000      1.345477
   18.680000     -2.924518
   18.700000     -4.222022
   18.720000      5.465460
   18.740000      0.159712
   18.760000      1.892165
   18.780000      6.699600
   18.800000     -1.385654
   18.820000      2.651350
   18.840000      0.803079
   18.860000      5.044693
   18.880000     -2.656709
   18.900000      0.668040
   18.920000      1.994942
   18.940000      2.307652
   18.960000      2.596406
   18.980000     -1.143565
   19.000000      0.086443
   19.020000      4.287377
   19.040000      3.461493
   19.060000     -0.388301
   19.080000      2.741112
   19.100000      8.852772
   19.120000     -1.050523
   19.140000     -1.966297
   19.160000      1.107578
   19.180000      2.172891
   19.200000      4.231125
   19.220000     -4.716506
   19.240000     -1.669015
   19.260000      2.374394
   19.280000      3.414364
   19.300000      1.451409
   19.320000      3.485941
   19.340000      2.518290
   19.360000      2.548714
   19.380000      1.577421
   19.400000      2.604569
   19.420000     -0.369719
   19.440000     -0.345352
   19.460000     -1.322270
   19.480000      1.699563
   19.500000     -3.279843
   19.520000      0.739492
   19.540000      0.757523
   19.560000     -0.225833
   19.580000     -2.210697
   19.600000      0.802758
   19.620000     -1.185701
   19.640000      3.823621
   19.660000      1.830332
   19.680000     -2.166029
   19.700000      0.834023
   19.720000     -2.170162
   19.740000     -4.179279
   19.760000      2.806215
   19.780000      2.785791
   19.800000     -1.245135
   19.820000      5.715052
   19.840000      3.665694
   19.860000     -1.393455
   19.880000     -1.461911
   19.900000     -0.537998
   19.920000     -0.618244
   19.940000     -2.696840
   19.960000      4.234431
   19.980000      1.185195
   20.000000      3.164175
   20.020000      5.176321
   20.040000     -1.778959
   20.060000     -2.707269
   20.080000     -0.616907
   20.100000     -2.516379
   20.120000     -1.412851
   20.140000      5.688373
   20.160000      7.783766
   20.180000      1.871249
   20.200000      7.949823
   20.220000      2.019239
   20.240000      4.079732
   20.260000      2.131818
   20.280000      4.176146
   20.300000      1.213399
   20.320000      4.244223
   20.340000      2.269180
   20.360000     -0.711273
   20.380000      0.303190
   20.400000     -0.687230
   20.420000      7.317526
   20.440000      3.317378
   20.460000      6.312107
   20.480000      3.301350
   20.500000      1.284605
   20.520000      0.261229
   20.540000      3.230448
   20.560000      4.191358
   20.580000      5.142948
   20.600000      4.084117
   20.620000      2.013727
   20.640000     -3.069321
   20.660000     -2.165942
   20.680000      0.723359
   20.700000      0.598781
   20.720000      4.461528
   20.740000     -0.686119
   20.760000      2.158756
   20.780000     -4.001408
   20.800000      1.833810
   20.820000      4.662004
   20.840000     -1.521939
   20.860000      6.275689
   20.880000      1.049482
   20.900000     -1.203081
   20.920000      1.520202
   20.940000     -1.772063
   20.960000     -4.063641
   20.980000      3.669009
   21.000000      4.453501
   21.020000     -0.685087
   21.040000      1.267826
   21.060000     -3.688805
   21.080000     -0.570840
   21.100000     -3.403186
   21.120000     -2.212959
   21.140000      3.975235
   21.160000      1.141273
   21.180000      1.269614
   21.200000      4.348551
   21.220000      5.369210
   21.240000      6.324717
   21.260000      3.209514
   21.280000     10.018788
   21.300000      9.748324
   21.320000      2.394444
   21.340000      3.954646
   21.360000      2.428276
   21.380000      9.818368
   21.400000      4.134655
   21.420000      1.388651
   21.440000     -3.390734
   21.460000      2.830751
   21.480000     -8.910368
   21.500000      0.414354
   21.520000     10.814864
   21.540000      0.278439
   21.560000     -5.225025
   21.580000     -0.731031
   21.600000      2.732622
   21.620000      7.156397
   21.640000      4.556105
   21.660000     -5.024192
   21.680000     -1.515781
   21.700000     -9.838355
   21.720000     -0.921910
   21.740000      6.270068
   21.760000     -1.271968
   21.780000      8.401219
   21.800000     -2.784699
   21.820000      5.091776
   21.840000      3.960806
   21.860000     -0.233059
   21.880000      8.469811
   21.900000      4.042100
   21.920000      1.467207
   21.940000      4.737183
   21.960000     -0.148636
   21.980000     -1.184046
   22.000000     12.644680
   22.020000     -0.639518
   22.040000     -3.002311
   22.060000     -3.396693
   22.080000     -8.764914
   22.100000      4.954066
   22.120000     -3.188285
   22.140000     -2.163921
   22.160000      5.024152
   22.180000      2.344755
   22.200000     -1.250537
   22.220000      3.184947
   22.240000     -4.398327
   22.260000      0.957911
   22.280000     14.220449
   22.300000      7.363712
   22.320000      4.368492
   22.340000      5.220672
   22.360000      6.910421
   22.380000      1.431925
   22.400000      1.783836
   22.420000     12.970657
   22.440000      8.005299
   22.460000     13.912922
   22.480000     -2.264391
   22.500000      3.536301
   22.520000      0.398765
   22.540000     -3.580436
   22.560000     -6.309940
   22.580000     -4.727448
   22.600000     -5.818829
   22.620000     -0.621909
   22.640000     -3.213444
   22.660000     -0.687772
   22.680000      3.862256
   22.700000     -4.643106
   22.720000      3.734274
   22.740000      4.951296
   22.760000     -0.016796
   22.780000     10.823606
   22.800000     -2.514679
   22.820000     -9.998141
   22.840000      1.428052
   22.860000      5.837040
   22.880000      2.310889
   22.900000      1.924755
   22.920000      6.729485
   22.940000     -4.258725
   22.960000      0.944361
   22.980000      1.304764
   23.000000      1.786521
   23.020000      0.362014
   23.040000      0.013096
   23.060000     -2.274921
   23.080000     -0.520383
   23.100000     -0.749094
   23.120000      1.007898
   23.140000      2.720246
   23.160000     -0.635404
   23.180000     -4.071058
   23.200000     -0.585631
   23.220000      1.834070
   23.240000      1.209492
   23.260000     -3.436147
   23.280000     10.914659
   23.300000      3.268571
   23.320000      4.620250
   23.340000     -1.043904
   23.360000      3.260295
   23.380000     -3.479469
   23.400000     -3.268013
   23.420000     -2.100666
   23.440000      0.036645
   23.460000     -1.835141
   23.480000     -1.693339
   23.500000     -1.520212
   23.520000      2.691261
   23.540000      2.935188
   23.560000      5.195029
   23.580000      0.448676
   23.600000      2.673738
   23.620000      5.851295
   23.640000     -4.032287
   23.660000      1.014869
   23.680000     -0.010795
   23.700000     -1.109912
   23.720000      6.718169
   23.740000      2.474657
   23.760000     -3.837843
   23.780000      0.787093
   23.800000      1.362972
   23.820000     -4.086675
   23.840000      4.473251
   23.860000     -3.912872
   23.880000      2.802086
   23.900000     -2.342056
   23.920000      0.676635
   23.940000      1.856152
   23.960000      5.171943
   23.980000      1.584493
   24.000000      1.048862
   24.020000     -4.477604
   24.040000     -1.030803
   24.060000      5.361927
   24.080000      3.682097
   24.100000      2.919789
   24.120000      0.073215
   24.140000     -3.851923
   24.160000      7.156323
   24.180000      1.113747
   24.200000      0.036260
   24.220000     -1.064454
   24.240000      4.815700
   24.260000      0.672440
   24.280000     -0.504709
   24.300000     -2.728343
   24.320000     -2.008707
   24.340000      2.650182
   24.360000     -2.746328
   24.380000      0.818841
   24.400000     -2.624321
   24.420000      1.965974
   24.440000     -3.361446
   24.460000      0.440382
   24.480000      4.405540
   24.500000     -2.453813
   24.520000     -0.150341
   24.540000     -0.717225
   24.560000      0.800571
   24.580000      0.355247
   24.600000     -0.097502
   24.620000     -1.595286
   24.640000      9.831859
   24.660000      0.161111
   24.680000     -1.623973
   24.700000      7.465683
   24.720000      4.424040
   24.740000      5.249700
   24.760000     -1.053823
   24.780000     -0.477221
   24.800000      1.996136
   24.820000     -2.607858
   24.840000      2.747773
   24.860000     -0.888528
   24.880000      0.540559
   24.900000      0.094374
   24.920000      1.823633
   24.940000     -5.240837
   24.960000      1.904754
   24.980000     -0.762531
   25.000000     -1.285148
   25.020000      6.285135
   25.040000     -0.103662
   25.060000     -0.497856
   25.080000      4.064610
   25.100000     -5.445248
   25.120000     -0.047944
   25.140000     -0.756373
   25.160000      6.423388
   25.180000      3.491577
   25.200000     -1.545281
   25.220000      2.326089
   25.240000      2.126480
   25.260000     -1.115364
   25.280000     -0.363617
   25.300000     -3.578611
   25.320000      9.277258
   25.340000      1.232107
   25.360000     -3.701702
   25.380000      3.470104
   25.400000      9.726244
   25.420000      3.035798
   25.440000     -1.635229
   25.460000     -5.318772
   25.480000      1.958376
   25.500000     -0.823993
   25.520000      3.321061
   25.540000      5.387889
   25.560000     -3.621478
   25.580000      9.302900
   25.600000      6.178675
   25.620000      3.030116
   25.640000     -2.114914
   25.660000     -2.229749
   25.680000     -2.294578
   25.700000      1.698940
   25.720000     -2.253895
   25.740000      0.831245
   25.760000      3.932285
   25.780000     -2.973975
   25.800000      6.091848
   25.820000      4.115232
   25.840000     -2.910130
   25.860000      2.018290
   25.880000      0.912702
   25.900000      3.794650
   25.920000     -2.306954
   25.940000     -0.360011
   25.960000     -0.335342
   25.980000      2.786768
   26.000000      4.011984
   26.020000     -3.668856
   26.040000      1.723360
   26.060000      0.161285
   26.080000      0.616355
   26.100000     -1.937380
   26.120000     -1.521123
   26.140000      0.849507
   26.160000      1.164481
   26.180000      0.418869
   26.200000      6.611981
   26.220000     -0.253788
   26.240000     -2.174262
   26.260000      1.855379
   26.280000      0.839930
   26.300000     -1.215890
   26.320000      0.692898
   26.340000     -0.428207
   26.360000     -0.573432
   26.380000      4.262455
   26.400000      2.083198
   26.420000     -3.109323
   26.440000     -0.314329
   26.460000     -0.530300
   26.480000      5.247315
   26.500000      5.027861
   26.520000      0.825813
   26.540000     -3.340872
   26.560000     -0.454315
   26.580000      2.498736
   26.600000      0.523012
   26.620000      2.613150
   26.640000      1.755054
   26.660000     -1.070558
   26.680000     -1.883923
   26.700000     -2.702653
   26.720000      1.460561
   26.740000      3.598856
   26.760000      0.710858
   26.780000     -1.200726
   26.800000      1.868769
   26.820000      3.923732
   26.840000     -1.033259
   26.860000     -1.001727
   26.880000     -0.982325
   26.900000      4.024802
   26.920000      0.021531
   26.940000     -0.987504
   26.960000     -0.995278
   26.980000      0.006167
   27.000000     -0.976450
   27.020000     -1.939800
   27.040000      3.114825
   27.060000      0.181711
   27.080000      1.252158
   27.100000      1.316395
   27.120000     -0.634818
   27.140000      1.390784
   27.160000      3.387515
   27.180000      3.352284
   27.200000     -0.714662
   27.220000      3.191307
   27.240000      5.079933
   27.260000     -4.034012
   27.280000     -3.132149
   27.300000      1.804532
   27.320000     -0.208341
   27.340000     -3.162428
   27.360000     -0.059057
   27.380000      1.090820
   27.400000     -0.731119
   27.420000      7.452828
   27.440000      4.619674
   27.460000      0.748185
   27.480000      5.820329
   27.500000      0.821983
   27.520000     -0.256751
   27.540000      2.578673
   27.560000      5.327581
   27.580000      0.994635
   27.600000     -2.409372
   27.620000     -2.866643
   27.640000      6.648213
   27.660000      5.167873
   27.680000      6.730376
   27.700000      1.375096
   27.720000     -3.863081
   27.740000     -2.960025
   27.760000      0.093029
   27.780000      1.288282
   27.800000     -2.396096
   27.820000      1.009051
   27.840000     -1.530612
   27.860000      3.951679
   27.880000      3.426454
   27.900000     -4.130829
   27.920000      5.261621
   27.940000      1.590558
   27.960000      2.847393
   27.980000      7.027469
   28.000000     -1.870572
   28.020000     -0.845236
   28.040000      1.107653
   28.060000      1.995106
   28.080000      1.827254
   28.100000      1.617828
   28.120000     -3.615674
   28.140000     -0.852514
   28.160000     -0.070365
   28.180000      7.751927
   28.200000      1.631056
   28.220000      7.576551
   28.240000      0.589692
   28.260000      3.664383
   28.280000     -4.210566
   28.300000      0.951174
   28.320000      5.135497
   28.340000     -2.670933
   28.360000     -0.480070
   28.380000      3.697988
   28.400000     -1.144435
   28.420000      3.987965
   28.440000      3.093700
   28.460000      2.174042
   28.480000      0.231801
   28.500000      0.269543
   28.520000     -2.712205
   28.540000      0.283895
   28.560000      2.251903
   28.580000     -0.816406
   28.600000      5.070120
   28.620000     -0.096123
   28.640000      1.680208
   28.660000     -0.601141
   28.680000     -2.934825
   28.700000      2.691034
   28.720000     -1.704678
   28.740000      0.903571
   28.760000     -0.453695
   28.780000     -2.744199
   28.800000      4.061524
   28.820000      2.985220
   28.840000      2.037151
   28.860000     -1.785182
   28.880000      0.504316
   28.900000     -0.116308
   28.920000      2.326837
   28.940000      4.806763
   28.960000      1.297762
   28.980000     -2.223426
   29.000000      4.222919
   29.020000     -0.380306
   29.040000     -1.046923
   29.060000     -1.787418
   29.080000      2.391077
   29.100000     -0.515161
   29.120000      5.493688
   29.140000     -2.578789
   29.160000      0.275026
   29.180000      3.066980
   29.200000      2.813019
   29.220000      2.532429
   29.240000      1.246203
   29.260000      1.974511
   29.280000      3.733685
   29.300000     -1.466391
   29.320000     -3.623709
   29.340000      2.256270
   29.360000      2.162665
   29.380000     -0.917856
   29.400000      1.001997
   29.420000      1.912317
   29.440000     -0.191712
   29.460000     -2.309656
   29.480000      1.564023
   29.500000      0.438793
   29.520000      0.326160
   29.540000      1.237533
   29.560000     -1.817571
   29.580000      3.167550
   29.600000      2.196798
   29.620000     -2.728163
   29.640000     -0.607482
   29.660000      5.556707
   29.680000      3.759566
   29.700000      1.992774
   29.720000     -1.755693
   29.740000     -2.500911
   29.760000      2.740380
   29.780000     -2.048541
   29.800000      0.117174
   29.820000      9.225115
   29.840000     -0.733605
   29.860000      1.236172
   29.880000      2.134058
   29.900000     -2.035460
   29.920000      6.737413
   29.940000     -1.531897
   29.960000     -0.822314
   29.980000     -1.108025
   30.000000     -0.360369
   30.020000      0.449112
   30.040000      2.344821
   30.060000     -0.656586
   30.080000      3.451380
   30.100000      0.664683
   30.120000      0.970471
   30.140000     -2.649891
   30.160000      0.782444
   30.180000      1.246428
   30.200000     -2.277324
   30.220000      4.194037
   30.240000     -0.354482
   30.260000      0.063962
   30.280000      6.437789
   30.300000     -0.243050
   30.320000      3.013060
   30.340000     -0.800360
   30.360000      0.312396
   30.380000      2.349502
   30.400000     -1.688119
   30.420000      0.203503
   30.440000      1.031645
   30.460000      1.807014
   30.480000      6.543559
   30.500000     -0.742247
   30.520000     -2.032785
   30.540000      1.688718
   30.560000     -1.564075
   30.580000      0.217474
   30.600000      6.036014
   30.620000      3.888579
   30.640000     -1.231814
   30.660000      1.666088
   30.680000      2.574155
   30.700000      1.486794
   30.720000     -1.597967
   30.740000     -1.678306
   30.760000      2.250667
   30.780000      1.195435
   30.800000     -0.837801
   30.820000      5.155086
   30.840000     -0.825104
   30.860000     -1.781299
   30.880000     -1.719686
   30.900000     -1.648616
   30.920000      0.422831
   30.940000      0.486353
   30.960000      7.535798
   30.980000      1.568253
   31.000000      4.584672
   31.020000     -1.410117
   31.040000     -1.408137
   31.060000      2.600261
   31.080000      5.624392
   31.100000     -0.328870
   31.120000      0.743281
   31.140000      2.838923
   31.160000     -3.048105
   31.180000      1.073230
   31.200000      1.193053
   31.220000     -0.697528
   31.240000      0.395103
   31.260000     -1.531969
   31.280000      4.522174
   31.300000      0.562014
   31.320000     -1.405462
   31.340000      3.627987
   31.360000     -0.330037
   31.380000      0.725788
   31.400000      0.797438
   31.420000      1.883292
   31.440000     -1.021275
   31.460000      0.077210
   31.480000      3.171507
   31.500000     -1.745397
   31.520000      1.320263
   31.540000     -0.636698
   31.560000     -0.620237
   31.580000      1.367198
   31.600000      0.325113
   31.620000      4.255508
   31.640000      0.163300
   31.660000     -1.943589
   31.680000      0.945289
   31.700000      1.841774
   31.720000     -1.242609
   31.740000      0.701376
   31.760000     -0.321023
   31.780000      1.690249
   31.800000      4.730356
   31.820000     -1.209370
   31.840000     -1.139917
   31.860000      4.927331
   31.880000      3.982249
   31.900000      5.017173
   31.920000      3.027581
   31.940000     -2.987772
   31.960000      2.972766
   31.980000      3.912863
   32.000000     -1.163016
   32.020000     -0.250954
   32.040000      3.651297
   32.060000     -1.456265
   32.080000      2.424260
   32.100000      0.289504
   32.120000      0.136138
   32.140000      1.962303
   32.160000      3.768897
   32.180000     -0.439514
   32.200000      0.345652
   32.220000      0.136670
   32.240000      2.948400
   32.260000      0.796469
   32.280000      4.694980
   32.300000     -0.345754
   32.320000     -4.320880
   32.340000      5.768401
   32.360000      0.915434
   32.380000      1.109620
   32.400000      2.338344
   32.420000     -0.411252
   32.440000      3.849029
   32.460000     -2.890905
   32.480000      5.360671
   32.500000      3.596994
   32.520000     -1.187708
   32.540000      2.001253
   32.560000      2.158619
   32.580000      4.279035
   32.600000      1.357350
   32.620000      4.388998
   32.640000     -1.629344
   32.660000      1.300899
   32.680000     -2.819235
   32.700000      3.014138
   32.720000      5.807868
   32.740000      2.571582
   32.760000      1.317171
   32.780000      1.057953
   32.800000     -1.192369
   32.820000      1.579229
   32.840000      3.384125
   32.860000      0.231304
   32.880000     -1.873137
   32.900000      4.073714
   32.920000      2.071501
   32.940000      0.116475
   32.960000     -0.798102
   32.980000      0.318756
   33.000000     -2.543801
   33.020000     -0.397450
   33.040000     -1.253744
   33.060000      0.876763
   33.080000      1.985210
   33.100000      2.064912
   33.120000      2.111669
   33.140000     -0.876053
   33.160000      6.102977
   33.180000      1.052730
   33.200000     -3.020290
   33.220000      2.892450
   33.240000      5.800674
   33.260000     -0.285785
   33.280000     -0.358119
   33.300000      0.590525
   33.320000      0.564570
   33.340000      1.566021
   33.360000      5.594826
   33.380000     -2.350643
   33.400000     -0.273226
   33.420000     -2.176798
   33.440000     -0.066221
   33.460000      2.052749
   33.480000     -1.826288
   33.500000      1.290053
   33.520000      4.395466
   33.540000      3.484442
   33.560000      1.552644
   33.580000      2.597167
   33.600000     -1.383294
   33.620000      4.611699
   33.640000     -1.415563
   33.660000      1.539086
   33.680000     -2.518428
   33.700000     -0.581125
   33.720000      1.358624
   33.740000      1.308796
   33.760000      2.276541
   33.780000      3.267969
   33.800000      3.287760
   33.820000     -2.660793
   33.840000      3.423994
   33.860000     -1.458154
   33.880000     -0.309656
   33.900000      4.864498
   33.920000      1.056789
   33.940000      0.257525
   33.960000      1.455543
   33.980000     -0.360909
   34.000000     -1.203242
   34.020000      3.918245
   34.040000     -0.004757
   34.060000     -0.979893
   34.080000     -0.010787
   34.100000     -1.098887
   34.120000      4.757232
   34.140000      1.562122
   34.160000      1.323600
   34.180000      2.052751
   34.200000     -2.236356
   34.220000     -0.527342
   34.240000      1.197323
   34.260000     -0.045287
   34.280000     -0.240416
   34.300000      1.622592
   34.320000      0.549021
   34.340000      1.538313
   34.360000     -0.415469
   34.380000     -1.322419
   34.400000      2.804865
   34.420000      0.952996
   34.440000     -0.890711
   34.460000     -0.737138
   34.480000      2.405343
   34.500000      4.531193
   34.520000     -2.362291
   34.540000      0.724758
   34.560000      1.794285
   34.580000      0.849634
   34.600000     -1.105268
   34.620000     -1.066741
   34.640000      0.967830
   34.660000     -0.000517
   34.680000      3.027528
   34.700000     -1.950519
   34.720000      3.061551
   34.740000      0.060391
   34.760000      1.043085
   34.780000      2.008276
   34.800000      2.956793
   34.820000     -0.108018
   34.840000     -0.180345
   34.860000     -2.252367
   34.880000      3.684871
   34.900000      5.640264
   34.920000     -0.378699
   34.940000     -1.367141
   34.960000      3.676389
   34.980000      6.749693
   35.000000      1.847329
   35.020000     -0.038488
   35.040000      3.083261
   35.060000     -2.796435
   35.080000      2.314368
   35.100000      0.409290
   35.120000     -0.515949
   35.140000     -1.463372
   35.160000      1.567182
   35.180000      5.577815
   35.200000      0.572159
   35.220000      2.555010
   35.240000      1.531920
   35.260000      0.508753
   35.280000      1.491316
   35.300000      2.484936
   35.320000     -1.505992
   35.340000      0.521535
   35.360000      3.568757
   35.380000     -0.364978
   35.400000     -2.282112
   35.420000      3.813478
   35.440000      4.915627
   35.460000      1.019592
   35.480000      2.120121
   35.500000     -1.787436
   35.520000      3.293150
   35.540000      0.359136
   35.560000      2.408892
   35.580000      0.441897
   35.600000      0.458673
   35.620000      1.460341
   35.640000      2.449089
   35.660000     -0.572627
   35.680000     -0.602134
   35.700000      2.363347
   35.720000      0.326715
   35.740000     -1.708907
   35.760000      0.259930
   35.780000      2.236956
   35.800000      2.225961
   35.820000      1.230311
   35.840000     -1.747673
   35.860000      2.292684
   35.880000      0.349996
   35.900000      1.420723
   35.920000      1.499491
   35.940000     -0.420338
   35.960000      1.653947
   35.980000     -1.285652
   36.000000      1.755024
   36.020000      3.771027
   36.040000      4.759259
   36.060000      2.718800
   36.080000     -2.348880
   36.100000      0.560176
   36.120000     -0.547648
   36.140000      3.336190
   36.160000      6.221873
   36.180000      4.120414
   36.200000     -0.957322
   36.220000      1.997332
   36.240000      1.991257
   36.260000      0.027552
   36.280000      0.105452
   36.300000      1.220479
   36.320000     -0.634932
   36.340000      0.529475
   36.360000     -2.297211
   36.380000      1.873869
   36.400000      1.032074
   36.420000      2.167880
   36.440000      0.272870
   36.460000     -1.659683
   36.480000      2.365433
   36.500000      1.345123
   36.520000      0.278215
   36.540000      0.165647
   36.560000     -0.990041
   36.580000     -0.183614
   36.600000      0.592303
   36.620000      2.347210
   36.640000      0.092530
   36.660000      0.841118
   36.680000     -1.393494
   36.700000     -0.598105
   36.720000      2.239014
   36.740000      2.126993
   36.760000      0.071493
   36.780000      3.074220
   36.800000     -0.866975
   36.820000      2.241494
   36.840000     -0.609347
   36.860000      5.570075
   36.880000      1.768126
   36.900000     -0.026883
   36.920000      3.173963
   36.940000     -1.639688
   36.960000     -0.476185
   36.980000      0.657599
   37.000000      0.756628
   37.020000      0.817795
   37.040000     -2.160009
   37.060000      0.824148
   37.080000     -0.226765
   37.100000      1.692186
   37.120000     -0.412293
   37.140000     -0.532086
   37.160000      2.341789
   37.180000      1.218446
   37.200000      6.106284
   37.220000      0.012145
   37.240000      0.940631
   37.260000      2.893691
   37.280000     -0.129462
   37.300000     -0.131770
   37.320000     -1.117870
   37.340000      0.906769
   37.360000     -0.063342
   37.380000     -0.032993
   37.400000      2.994282
   37.420000     -1.983401
   37.440000      0.033859
   37.460000      0.047718
   37.480000      2.061347
   37.500000     -0.921010
   37.520000      1.105034
   37.540000      3.143272
   37.560000      3.197082
   37.580000      2.267353
   37.600000      0.352991
   37.620000      2.451206
   37.640000     -2.442885
   37.660000      1.664461
   37.680000      1.766214
   37.700000      1.855156
   37.720000     -0.075599
   37.740000     -0.032197
   37.760000      2.980258
   37.780000     -1.042079
   37.800000      2.898371
   37.820000      0.800745
   37.840000     -2.334139
   37.860000      7.496330
   37.880000      1.296645
   37.900000      1.073229
   37.920000     -1.165617
   37.940000      2.590094
   37.960000      2.351661
   37.980000      0.131091
   38.000000      1.940296
   38.020000      0.790131
   38.040000      1.689436
   38.060000      1.644188
   38.080000      0.656876
   38.100000     -1.273886
   38.120000      0.847487
   38.140000     -0.986391
   38.160000      0.215070
   38.180000     -1.558694
   38.200000      0.681397
   38.220000      0.924723
   38.240000      0.161454
   38.260000     -1.617079
   38.280000      3.581825
   38.300000      4.752313
   38.320000      1.888707
   38.340000     -1.011451
   38.360000      1.050191
   38.380000      0.073504
   38.400000      4.059907
   38.420000     -1.987600
   38.440000      1.935571
   38.460000      2.835564
   38.480000     -0.280028
   38.500000      0.597669
   38.520000      0.476996
   38.540000      4.367761
   38.560000     -0.721444
   38.580000      1.216519
   38.600000     -0.813327
   38.620000     -0.808529
   38.640000      7.230634
   38.660000      1.301321
   38.680000     -0.601443
   38.700000      4.515835
   38.720000     -1.354211
   38.740000      0.780810
   38.760000      0.913568
   38.780000      3.037411
   38.800000      1.146639
   38.820000     -1.763317
   38.840000     -0.695754
   38.860000     -0.652645
   38.880000      6.365512
   38.900000     -0.641896
   38.920000      2.327324
   38.940000      1.275773
   38.960000      3.206904
   38.980000      3.124825
   39.000000      2.034082
   39.020000      2.939429
   39.040000     -0.154378
   39.060000      2.757198
   39.080000     -1.321675
   39.100000     -1.387349
   39.120000     -1.436823
   39.140000      1.532157
   39.160000      1.520561
   39.180000      1.528408
   39.200000      2.554830
   39.220000      1.597764
   39.240000      0.653899
   39.260000     -1.281630
   39.280000     -0.213174
   39.300000      3.854091
   39.320000      2.914898
   39.340000      0.964187
   39.360000      2.997329
   39.380000      2.010317
   39.400000      0.999933
   39.420000     -1.036119
   39.440000      1.900918
   39.460000     -2.189040
   39.480000      2.695198
   39.500000      3.556185
   39.520000     -1.602047
   39.540000      0.225348
   39.560000      2.045145
   39.580000      2.864912
   39.600000     -0.307119
   39.620000     -0.462563
   39.640000      3.406494
   39.660000     -1.693176
   39.680000      0.243427
   39.700000      3.219107
   39.720000      0.234222
   39.740000      2.286743
   39.760000      0.372557
   39.780000     -0.514052
   39.800000      1.620172
   39.820000     -0.231974
   39.840000     -0.077648
   39.860000      2.076458
   39.880000      0.224466
   39.900000      1.361629
   39.920000     -1.516596
   39.940000     -0.413009
   39.960000      1.671033
   39.980000     -1.264922
   40.000000      1.779776
   40.020000      0.806777
   40.040000      0.818566
   40.060000      2.818240
   40.080000      1.809237
   40.100000     -0.204967
   40.120000      2.778850
   40.140000     -0.236591
   40.160000     -1.249221
   40.180000      5.742338
   40.200000      1.738838
   40.220000      0.740560
   40.240000     -1.252503
   40.260000     -0.240477
   40.280000     -0.223484
   40.300000      1.798283
   40.320000     -0.175404
   40.340000     -1.144893
   40.360000      0.889127
   40.380000      2.925551
   40.400000      0.962809
   40.420000     -0.001080
   40.440000     -1.968363
   40.460000     10.058582
   40.480000      2.076774
   40.500000      6.084279
   40.520000      3.079214
   40.540000      0.060200
   40.560000      1.026451
   40.580000      0.977847
   40.600000     -1.084986
   40.620000      2.839399
   40.640000     -0.247122
   40.660000      0.657813
   40.680000     -2.442181
   40.700000      1.456689
   40.720000      1.358506
   40.740000      0.267409
   40.760000      1.187323
   40.780000      0.121690
   40.800000     -0.926793
   40.820000      0.043616
   40.840000      2.033582
   40.860000      3.042635
   40.880000      0.069214
   40.900000      1.110843
   40.920000      3.164381
   40.940000      1.226193
   40.960000     -1.708191
   40.980000     -1.642234
   41.000000      2.420563
   41.020000      2.477222
   41.040000     -0.474553
   41.060000      3.563733
   41.080000      2.591433
   41.100000      1.608783
   41.120000      2.616880
   41.140000     -1.382387
   41.160000      5.613533
   41.180000     -0.392314
   41.200000      3.602899
   41.220000      0.602363
   41.240000      1.608643
   41.260000      2.623582
   41.280000      4.648084
   41.300000      1.682007
   41.320000     -2.275827
   41.340000     -1.227515
   41.360000      3.824136
   41.380000     -1.124125
   41.400000      3.924051
   41.420000     -1.034780
   41.440000      2.996065
   41.460000     -0.986385
   41.480000      2.015323
   41.500000      2.999181
   41.520000      5.963752
   41.540000      1.908190
   41.560000      4.832264
   41.580000     -1.263617
   41.600000      0.621639
   41.620000      1.489832
   41.640000      4.343356
   41.660000     -0.815647
   41.680000     -0.983141
   41.700000     -0.155085
   41.720000      0.672999
   41.740000     -0.494087
   41.760000     -0.651377
   41.780000     -1.793927
   41.800000      3.082969
   41.820000      0.983547
   41.840000      3.911345
   41.860000     -1.131012
   41.880000      0.858025
   41.900000     -0.121141
   41.920000      0.930802
   41.940000      2.011628
   41.960000      1.118215
   41.980000     -0.753068
   42.000000     -0.606599
   42.020000     -1.447079
   42.040000      0.720703
   42.060000     -1.107918
   42.080000      0.062679
   42.100000      0.228522
   42.120000      0.386136
   42.140000      2.532589
   42.160000      0.665521
   42.180000      2.783156
   42.200000      4.884296
   42.220000      1.968311
   42.240000      2.035115
   42.260000     -1.914871
   42.280000     -0.880758
   42.300000      0.138764
   42.320000      2.145244
   42.340000     -1.859762
   42.360000      0.125662
   42.380000      3.103234
   42.400000      0.074526
   42.420000      1.040924
   42.440000      0.003664
   42.460000      0.962388
   42.480000      1.918113
   42.500000      0.871057
   42.520000     -1.178600
   42.540000      1.769402
   42.560000      2.715483
   42.580000      4.660327
   42.600000     -0.395046
   42.620000     -0.449210
   42.640000      2.499263
   42.660000     -1.547864
   42.680000     -0.588625
   42.700000      3.378740
   42.720000      2.355703
   42.740000      0.343287
   42.760000      0.341931
   42.780000      0.351433
   42.800000      1.370951
   42.820000     -1.600921
   42.840000     -1.566017
   42.860000      2.473493
   42.880000      2.515289
   42.900000      5.557173
   42.920000     -1.402947
   42.940000      1.633137
   42.960000      0.663986
   42.980000      1.688581
   43.000000      1.706362
   43.020000     -0.282751
   43.040000      3.721636
   43.060000      5.720374
   43.080000      0.714710
   43.100000     -0.293782
   43.120000      2.696719
   43.140000     -1.311757
   43.160000      2.682850
   43.180000      3.680882
   43.200000      2.684254
   43.220000      1.693680
   43.240000     -0.290655
   43.260000     -1.269092
   43.280000     -1.242442
   43.300000     -1.211894
   43.320000      1.821112
   43.340000      0.855012
   43.360000     -0.111755
   43.380000     -0.080644
   43.400000      0.947083
   43.420000     -0.029581
   43.440000      0.988648
   43.460000     -0.998642
   43.480000      1.008434
   43.500000      0.010028
   43.520000      1.006513
   43.540000      0.998413
   43.560000      0.986333
   43.580000      2.970877
   43.600000     -0.047429
   43.620000     -0.068189
   43.640000     -1.091173
   43.660000     -0.116322
   43.680000      1.856284
   43.700000      4.826470
   43.720000     -0.205952
   43.740000     -0.241075
   43.760000      1.721224
   43.780000      1.680903
   43.800000     -0.361633
   43.820000     -1.405150
   43.840000     -1.449476
   43.860000      0.506789
   43.880000     -0.534817
   43.900000      0.427163
   43.920000      0.394155
   43.940000      2.367433
   43.960000      4.348004
   43.980000     -0.663495
   44.000000      1.333145
   44.020000      4.337685
   44.040000     -0.650551
   44.060000      4.367374
   44.080000      3.390124
   44.100000      1.416179
   44.120000     -1.556059
   44.140000      2.471824
   44.160000     -0.501662
   44.180000      0.522148
   44.200000     -1.457865
   44.220000      0.557421
   44.240000     -0.432652
   44.260000      2.571651
   44.280000      1.570452
   44.300000      3.563794
   44.320000     -1.447986
   44.340000      5.536227
   44.360000      2.517502
   44.380000      0.497194
   44.400000     -1.523169
   44.420000      1.458029
   44.440000     -0.557585
   44.460000     -0.568477
   44.480000      0.426696
   44.500000      0.428993
   44.520000      2.439109
   44.540000      0.457341
   44.560000      0.483596
   44.580000      2.517504
   44.600000      3.558161
   44.620000     -0.395882
   44.640000      1.654378
   44.660000     -0.292416
   44.680000     -1.237643
   44.700000      1.817360
   44.720000     -0.128657
   44.740000     -0.076821
   44.760000     -1.028106
   44.780000      0.016680
   44.800000      1.056793
   44.820000     -1.908238
   44.840000      5.121145
   44.860000      1.144821
   44.880000      3.162736
   44.900000     -0.825017
   44.920000      3.181805
   44.940000      0.183551
   44.960000      1.180674
   44.980000      4.173702
   45.000000     -0.836776
   45.020000     -0.850115
   45.040000      0.134219
   45.060000      0.116699
   45.080000      2.097963
   45.100000      2.078486
   45.120000      3.058371
   45.140000      2.038115
   45.160000     -0.981999
   45.180000      1.998291
   45.200000     -0.020760
   45.220000     -0.038897
   45.240000     -1.055866
   45.260000      0.928576
   45.280000     -2.085358
   45.300000      0.902492
   45.320000      0.892213
   45.340000      3.883830
   45.360000     -1.122627
   45.380000     -0.127599
   45.400000      7.868448
   45.420000      0.865306
   45.440000      3.862533
   45.460000     -2.140333
   45.480000      0.856258
   45.500000      5.851894
   45.520000      1.846225
   45.540000      1.838988
   45.560000      0.830015
   45.580000      0.819300
   45.600000      0.807164
   45.620000     -2.206529
   45.640000      2.778224
   45.660000      0.762187
   45.680000      0.745902
   45.700000     -0.270001
   45.720000      1.715170
   45.740000     -0.297864
   45.760000      1.691625
   45.780000     -0.315634
   45.800000      0.680817
   45.820000      0.681340
   45.840000     -0.313755
   45.860000      1.695661
   45.880000     -0.290485
   45.900000      1.727564
   45.920000      0.749453
   45.940000      0.774719
   45.960000     -1.197160
   45.980000     -0.166736
   46.000000     -1.134627
   46.020000     -1.101358
   46.040000     -1.067454
   46.060000     -0.033392
   46.080000      3.000399
   46.100000      1.033564
   46.120000      0.065865
   46.140000      1.096922
   46.160000     -0.873614
   46.180000     -0.845797
   46.200000      3.180233
   46.220000      2.204374
   46.240000      0.226554
   46.260000      2.246728
   46.280000      0.264879
   46.300000     -0.718994
   46.320000      2.295130
   46.340000     -0.692709
   46.360000     -0.682385
   46.380000      0.326457
   46.400000      1.333020
   46.420000      1.337851
   46.440000      3.341027
   46.460000      5.342626
   46.480000     -0.657271
   46.500000      0.341417
   46.520000      2.338774
   46.540000      2.334880
   46.560000     -0.670185
   46.580000      2.323658
   46.600000      0.316484
   46.620000      0.308368
   46.640000      1.299380
   46.660000      1.289595
   46.680000     -0.720857
   46.700000     -0.731707
   46.720000     -0.743539
   46.740000      5.244064
   46.760000      0.231153
   46.780000      3.217822
   46.800000      2.204352
   46.820000     -0.809809
   46.840000      3.175683
   46.860000      6.160877
   46.880000      0.145808
   46.900000     -0.869492
   46.920000     -0.884992
   46.940000      0.099337
   46.960000      2.083521
   46.980000      2.067585
   47.000000      0.051584
   47.020000     -1.964286
   47.040000      1.019634
   47.060000      0.003434
   47.080000     -0.012785
   47.100000     -0.029007
   47.120000      2.954786
   47.140000     -0.061394
   47.160000     -0.077533
   47.180000     -2.093617
   47.200000     -0.109636
   47.220000      3.874424
   47.240000      2.858571
   47.260000     -0.157184
   47.280000     -0.172830
   47.300000      0.811640
   47.320000      0.796235
   47.340000      0.780964
   47.360000     -0.234164
   47.380000      2.750862
   47.400000     -1.263916
   47.420000      0.721743
   47.440000      0.707641
   47.460000      1.693318
   47.480000     -2.320824
   47.500000     -1.334780
   47.520000      1.651456
   47.540000      0.637889
   47.560000      1.624525
   47.580000     -0.388633
   47.600000     -0.401577
   47.620000     -1.414221
   47.640000      0.573908
   47.660000      0.561632
   47.680000      0.549579
   47.700000      1.537759
   47.720000      0.526178
   47.740000      1.514838
   47.760000      2.503745
   47.780000      2.492902
   47.800000      0.482312
   47.820000      0.471980
   47.840000     -1.538086
   47.860000      0.452134
   47.880000     -0.557406
   47.900000      1.433327
   47.920000     -2.575658
   47.940000     -2.584307
   47.960000      0.407288
   47.980000      0.399146
   48.000000     -2.608676
   48.020000      0.383753
   48.040000     -2.623524
   48.060000      0.369497
   48.080000     -0.637183
   48.100000      2.356441
   48.120000     -1.649630
   48.140000      1.344609
   48.160000     -0.660841
   48.180000      1.334024
   48.200000     -0.670794
   48.220000      0.324710
   48.240000      2.320577
   48.260000     -1.683023
   48.280000      2.313644
   48.300000      1.310456
   48.320000     -0.692399
   48.340000     -2.694916
   48.360000     -1.697094
   48.380000      1.301071
   48.400000     -0.700420
   48.420000      0.298438
   48.440000      3.297645
   48.460000      4.297211
   48.480000      0.297234
   48.500000      0.297945
   48.520000     -1.701374
   48.540000     -0.700378
   48.560000      1.300984
   48.580000      0.302713
   48.600000      3.304814
   48.620000     -0.692713
   48.640000      3.310137
   48.660000     -0.686635
   48.680000      0.316974
   48.700000      2.320966
   48.720000      2.325343
   48.740000     -2.669891
   48.760000     -1.664734
   48.780000      0.340827
   48.800000      1.346850
   48.820000     -1.646639
   48.840000     -0.639895
   48.860000      1.367258
   48.880000      1.374895
   48.900000      0.383139
   48.920000     -1.608491
   48.940000     -0.599708
   48.960000     -0.590510
   48.980000      2.419106
   49.000000     -1.570850
   49.020000     -1.560325
   49.040000      2.450591
   49.060000     -1.538098
   49.080000     -0.526358
   49.100000      2.485815
   49.120000     -0.501577
   49.140000      1.511468
   49.160000      0.524952
   49.180000      4.538879
   49.200000     -0.446750
   49.220000     -1.431933
   49.240000      2.583334
   49.260000      1.599052
   49.280000     -1.384775
   49.300000      0.631854
   49.320000      0.648942
   49.340000     -2.333485
   49.360000     -0.315236
   49.380000     -0.295968
   49.400000      4.723116
   49.420000     -1.257468
   49.440000     -1.237578
   49.460000      1.782788
   49.480000     -0.196368
   49.500000      0.824957
   49.520000     -0.153235
   49.540000     -0.130942
   49.560000      0.891842
   49.580000      0.915133
   49.600000      0.938937
   49.620000     -0.036802
   49.640000     -1.012043
   49.660000      0.013221
   49.680000      1.038987
   49.700000     -0.934747
   49.720000     -0.907973
   49.740000      2.119311
   49.760000      0.147108
   49.780000      3.175419
   49.800000      0.204251
   49.820000      0.233673
   49.840000      0.263863
   49.860000      1.294258
   49.880000     -0.674820
   49.900000      0.356633
   49.920000      0.388617
   49.940000     -0.578863
   49.960000     -0.545807
   49.980000     -1.512210
   50.000000      1.521928
